4,4
0.2,8500.0,55.0,-170.0,30.0,
0.2,8500.0,55.0,-85.0,30.0,
0.2,8500.0,55.0,0.0,30.0,
0.2,8500.0,55.0,85.0,30.0,
10628.1062314501050423,0.3435302969289740,53.95753100553302,180.6996794576835,46.54386488988209,32.85175806289304,
10611.6032947085041087,0.3413834805836712,53.99316374092512,180.8502140499305,46.24346790342216,128.3737557783246,
10636.6244060462668131,0.3399975720278794,53.80403160055054,180.6634299258383,46.56699056934267,199.9197125513524,
10617.9054333335043339,0.3426575278205949,53.88344577512846,180.6263326058823,46.79816294606578,275.73723897731,
10613.4857331127732323,0.2987602446305381,53.28775954367765,264.3016601466,39.195626665887,356.8384891032933,
10625.9244633352845995,0.3030579203673656,53.1731551178811,264.1773024932889,39.49715603820158,33.95915677768813,
10570.4870027347988071,0.3091074084673626,53.30319154975858,264.2991617210628,39.92404731830004,199.2474189832935,
10606.5033602207749936,0.3029448239287263,53.31206128910969,264.3572670483999,39.8555205780706,218.2152021483507,
10631.1518534763617936,0.3232711451233180,52.94221677585593,349.253968277939,47.90531322549705,6.488743825091611,
10602.0697001739699772,0.3205120376098307,53.02020887197867,349.4752660762457,47.32832634384218,130.1891714008026,
10638.1037088231678354,0.3169025382691776,52.88311724088119,349.3466205227086,47.56216796422834,196.2819683261532,
10618.4231082315945969,0.3208294178351541,52.90382723022212,349.2123815812963,48.06078911685535,277.1840969155633,
10613.1210317337081506,0.2812394876146110,55.06163201096079,74.49559307073923,44.55143283466617,354.1265775041354,
10643.6984506149638037,0.2862332665571454,54.97173219505024,74.36928798603881,45.10937157241982,4.778552050970747,
10570.9137496227194788,0.2920380553167095,55.03538035627132,74.42997858540457,45.76383221475825,199.4453151829651,
10619.0719435391911247,0.2860502837081120,55.0636629790508,74.51208155164548,45.43262999233566,208.3958469546409,
1027.2046867054094,580.6699715540859,-1275.2378898644045
1027.2046867054094,580.6699715540859,-1275.2378898644045
11545.589453522973,-1440.8401542578292,2400.0241241893514
1027.2046867054094,580.6699715540859,-1275.2378898644045
2445.169263386936,10149.611524826514,-5669.5066050415835
1027.2046867054094,580.6699715540859,-1275.2378898644045
1027.2046867054094,580.6699715540859,-1275.2378898644045
1027.2046867054094,580.6699715540859,-1275.2378898644045
1027.2046867054094,580.6699715540859,-1275.2378898644045
-3946.636297225175,12118.696691167348,-351.7846570197307
1027.2046867054094,580.6699715540859,-1275.2378898644045
1027.2046867054094,580.6699715540859,-1275.2378898644045
1027.2046867054094,580.6699715540859,-1275.2378898644045
1027.2046867054094,580.6699715540859,-1275.2378898644045
8595.343526518705,-899.5953486485429,-2273.0916194768074
1027.2046867054094,580.6699715540859,-1275.2378898644045
-1486.0764222404025,5527.812680069055,6283.698261480164
1027.2046867054094,580.6699715540859,-1275.2378898644045
1027.2046867054094,580.6699715540859,-1275.2378898644045
1027.2046867054094,580.6699715540859,-1275.2378898644045

1021.0656998825555,590.7154015749067,-1275.554354336006
1021.0656998825555,590.7154015749067,-1275.554354336006
12112.57145288867,362.30395355279666,1409.9708833055813
1021.0656998825555,590.7154015749067,-1275.554354336006
256.17805498685465,9910.47466615673,-5821.143868035412
1021.0656998825555,590.7154015749067,-1275.554354336006
1021.0656998825555,590.7154015749067,-1275.554354336006
1021.0656998825555,590.7154015749067,-1275.554354336006
1021.0656998825555,590.7154015749067,-1275.554354336006
-4803.563326267528,11585.07235207738,-2073.0061730998195
1021.0656998825555,590.7154015749067,-1275.554354336006
1021.0656998825555,590.7154015749067,-1275.554354336006
1021.0656998825555,590.7154015749067,-1275.554354336006
1021.0656998825555,590.7154015749067,-1275.554354336006
8619.269841102465,-364.2002355981965,581.5459977169397
1021.0656998825555,590.7154015749067,-1275.554354336006
-3107.474270496978,3255.149492007025,7313.58952126537
1021.0656998825555,590.7154015749067,-1275.554354336006
1021.0656998825555,590.7154015749067,-1275.554354336006
1021.0656998825555,590.7154015749067,-1275.554354336006
4978.158395035632,7954.284729929052,-2479.8507512978827

1014.8307084963903,600.7016877332796,-1275.8663235022332
1014.8307084963903,600.7016877332796,-1275.8663235022332
12255.592727398178,2152.5708737047785,369.5797149767453
1014.8307084963903,600.7016877332796,-1275.8663235022332
-1942.4867067019072,9257.909713876266,-5728.3716820768095
1014.8307084963903,600.7016877332796,-1275.8663235022332
1014.8307084963903,600.7016877332796,-1275.8663235022332
1014.8307084963903,600.7016877332796,-1275.8663235022332
1014.8307084963903,600.7016877332796,-1275.8663235022332
-5512.71981056365,10694.771145250055,-3728.476652890028
1014.8307084963903,600.7016877332796,-1275.8663235022332
1014.8307084963903,600.7016877332796,-1275.8663235022332
1014.8307084963903,600.7016877332796,-1275.8663235022332
1014.8307084963903,600.7016877332796,-1275.8663235022332
7806.076805493533,205.13523456530552,3375.741611347355
1014.8307084963903,600.7016877332796,-1275.8663235022332
-4422.927729702489,658.8493344899225,7619.611639386456
1014.8307084963903,600.7016877332796,-1275.8663235022332
1014.8307084963903,600.7016877332796,-1275.8663235022332
1014.8307084963903,600.7016877332796,-1275.8663235022332
3733.9650131101403,8458.099402834701,-112.96965004307543

1008.5002848572003,610.6279129228458,-1276.1737684980192
1008.5002848572003,610.6279129228458,-1276.1737684980192
11994.596674902246,3871.562688390821,-683.7043622622697
1008.5002848572003,610.6279129228458,-1276.1737684980192
-4048.3722343409513,8172.202387892207,-5365.7843393442245
1008.5002848572003,610.6279129228458,-1276.1737684980192
1008.5002848572003,610.6279129228458,-1276.1737684980192
1008.5002848572003,610.6279129228458,-1276.1737684980192
2125.487616475458,8237.759172337335,7872.632705213127
1008.5002848572003,610.6279129228458,-1276.1737684980192
-6047.23154016923,9466.084746817152,-5263.684502077257
1008.5002848572003,610.6279129228458,-1276.1737684980192
1008.5002848572003,610.6279129228458,-1276.1737684980192
1008.5002848572003,610.6279129228458,-1276.1737684980192
1008.5002848572003,610.6279129228458,-1276.1737684980192
6197.9853658141155,753.0110305137348,5824.855934643215
1008.5002848572003,610.6279129228458,-1276.1737684980192
1008.5002848572003,610.6279129228458,-1276.1737684980192
1008.5002848572003,610.6279129228458,-1276.1737684980192
1008.5002848572003,610.6279129228458,-1276.1737684980192
2193.2489363262794,8286.619799271859,2259.1887539560867

1002.075010040451,620.4931655505611,-1276.4766608745633
1002.075010040451,620.4931655505611,-1276.4766608745633
11354.122673820071,5467.7333173053485,-1715.819097841348
1002.075010040451,620.4931655505611,-1276.4766608745633
-5935.362338166336,6651.191795520315,-4715.345425241976
1002.075010040451,620.4931655505611,-1276.4766608745633
1002.075010040451,620.4931655505611,-1276.4766608745633
1002.075010040451,620.4931655505611,-1276.4766608745633
1008.1476616584592,9791.360842678552,6801.380000805736
1002.075010040451,620.4931655505611,-1276.4766608745633
-6380.859664880825,7923.8818107023635,-6621.9064433944695
1002.075010040451,620.4931655505611,-1276.4766608745633
1002.075010040451,620.4931655505611,-1276.4766608745633
1002.075010040451,620.4931655505611,-1276.4766608745633
1002.075010040451,620.4931655505611,-1276.4766608745633
3963.6314530606137,1225.4097888043257,7688.221680018617
1002.075010040451,620.4931655505611,-1276.4766608745633
1002.075010040451,620.4931655505611,-1276.4766608745633
1002.075010040451,620.4931655505611,-1276.4766608745633
1002.075010040451,620.4931655505611,-1276.4766608745633
456.11679136130635,7368.191774068431,4424.091870116016

995.555473834318,630.296539619148,-1276.7749726019283
995.555473834318,630.296539619148,-1276.7749726019283
10362.398575315285,6894.463307803678,-2695.0834402067194
995.555473834318,630.296539619148,-1276.7749726019283
995.555473834318,630.296539619148,-1276.7749726019283
995.555473834318,630.296539619148,-1276.7749726019283
995.555473834318,630.296539619148,-1276.7749726019283
-148.57307149551923,10984.1804224466,5477.998225956159
995.555473834318,630.296539619148,-1276.7749726019283
-6488.055286887131,6101.809074864875,-7743.150997004191
995.555473834318,630.296539619148,-1276.7749726019283
995.555473834318,630.296539619148,-1276.7749726019283
995.555473834318,630.296539619148,-1276.7749726019283
995.555473834318,630.296539619148,-1276.7749726019283
1351.42259378881,1583.3431850696402,8828.616260690693
995.555473834318,630.296539619148,-1276.7749726019283
995.555473834318,630.296539619148,-1276.7749726019283
995.555473834318,630.296539619148,-1276.7749726019283
995.555473834318,630.296539619148,-1276.7749726019283
-1325.072921287243,5726.779843134623,6151.966690363002

988.9422746852302,640.0371348109314,-1277.0686760716578
11039.673789353243,-2443.401754403558,2903.2509376314156
988.9422746852302,640.0371348109314,-1277.0686760716578
9051.316974439123,8108.504886785017,-3591.294528815873
988.9422746852302,640.0371348109314,-1277.0686760716578
988.9422746852302,640.0371348109314,-1277.0686760716578
988.9422746852302,640.0371348109314,-1277.0686760716578
988.9422746852302,640.0371348109314,-1277.0686760716578
-1302.0793618542443,11801.895705617459,3966.9050084693063
988.9422746852302,640.0371348109314,-1277.0686760716578
-6344.593598102001,4045.6278903389743,-8563.48705895933
988.9422746852302,640.0371348109314,-1277.0686760716578
988.9422746852302,640.0371348109314,-1277.0686760716578
988.9422746852302,640.0371348109314,-1277.0686760716578
988.9422746852302,640.0371348109314,-1277.0686760716578
-1380.4626550491032,1808.894978635753,9224.346486188502
988.9422746852302,640.0371348109314,-1277.0686760716578
988.9422746852302,640.0371348109314,-1277.0686760716578
988.9422746852302,640.0371348109314,-1277.0686760716578
988.9422746852302,640.0371348109314,-1277.0686760716578
-2972.1993301849648,3504.018769123339,7254.174461627721

982.23601964193,649.714056572055,-1277.3577440993824
11851.884747913136,-665.7416669160228,1954.792187622758
982.23601964193,649.714056572055,-1277.3577440993824
7457.123890400107,9068.807074472028,-4374.9536045730665
982.23601964193,649.714056572055,-1277.3577440993824
982.23601964193,649.714056572055,-1277.3577440993824
982.23601964193,649.714056572055,-1277.3577440993824
982.23601964193,649.714056572055,-1277.3577440993824
-2415.1754383734524,12239.412780454468,2328.087485385339
982.23601964193,649.714056572055,-1277.3577440993824
-5929.174436892781,1817.9539619801706,-9015.267213495184
982.23601964193,649.714056572055,-1277.3577440993824
982.23601964193,649.714056572055,-1277.3577440993824
982.23601964193,649.714056572055,-1277.3577440993824
982.23601964193,649.714056572055,-1277.3577440993824
-4016.0686481457046,1902.5704344053547,8940.111949735965
982.23601964193,649.714056572055,-1277.3577440993824
982.23601964193,649.714056572055,-1277.3577440993824
982.23601964193,649.714056572055,-1277.3577440993824
982.23601964193,649.714056572055,-1277.3577440993824
-4326.86927089704,933.0776860568491,7638.439663337382

975.4373243019086,659.3264161915719,-1277.6421499272446
12231.878890324328,1136.0104466863706,933.7889914056657
975.4373243019086,659.3264161915719,-1277.6421499272446
5621.767037456729,9735.755240016068,-5016.649827405651
975.4373243019086,659.3264161915719,-1277.6421499272446
975.4373243019086,659.3264161915719,-1277.6421499272446
975.4373243019086,659.3264161915719,-1277.6421499272446
2222.822334135158,8056.237157573495,7931.56830511371
975.4373243019086,659.3264161915719,-1277.6421499272446
-3454.792392145981,12298.326324593862,617.9210986516415
975.4373243019086,659.3264161915719,-1277.6421499272446
975.4373243019086,659.3264161915719,-1277.6421499272446
975.4373243019086,659.3264161915719,-1277.6421499272446
975.4373243019086,659.3264161915719,-1277.6421499272446
975.4373243019086,659.3264161915719,-1277.6421499272446
-6400.608102517368,1876.6265800458998,8085.963595341526
975.4373243019086,659.3264161915719,-1277.6421499272446
975.4373243019086,659.3264161915719,-1277.6421499272446
975.4373243019086,659.3264161915719,-1277.6421499272446
975.4373243019086,659.3264161915719,-1277.6421499272446
-5288.190866528659,-1726.1471022541527,7324.400085442873

968.5468127532727,668.873330885544,-1277.9218672264574
12196.16746685932,2898.739202968252,-119.89736681162519
968.5468127532727,668.873330885544,-1277.9218672264574
3594.934685724891,10070.929580951117,-5486.661380828159
968.5468127532727,668.873330885544,-1277.9218672264574
968.5468127532727,668.873330885544,-1277.9218672264574
968.5468127532727,668.873330885544,-1277.9218672264574
1107.5762337621447,9639.028273415555,6879.5179068283
968.5468127532727,668.873330885544,-1277.9218672264574
-4390.889114239855,11985.445804669556,-1109.749690584382
968.5468127532727,668.873330885544,-1277.9218672264574
968.5468127532727,668.873330885544,-1277.9218672264574
968.5468127532727,668.873330885544,-1277.9218672264574
968.5468127532727,668.873330885544,-1277.9218672264574
7234.2988694598935,420.4427556514179,4496.827178141323
968.5468127532727,668.873330885544,-1277.9218672264574
-8436.060056412805,1748.842097999767,6785.348312584294
968.5468127532727,668.873330885544,-1277.9218672264574
968.5468127532727,668.873330885544,-1277.9218672264574
968.5468127532727,668.873330885544,-1277.9218672264574
5542.013842578466,7382.736982180847,-3737.7747831433558
968.5468127532727,668.873330885544,-1277.9218672264574
-5822.069031906277,-4249.074639371004,6415.016128148322

961.5651175176902,678.3539238778194,-1278.196870099734
11766.848738723062,4567.397754726028,-1170.3916654298316
961.5651175176902,678.3539238778194,-1278.196870099734
1436.8614825517477,10037.608914057339,-5754.899616406841
961.5651175176902,678.3539238778194,-1278.196870099734
961.5651175176902,678.3539238778194,-1278.196870099734
10333.277648597512,-3455.8430049889225,3408.5900523908817
961.5651175176902,678.3539238778194,-1278.196870099734
-51.56218417749862,10860.209161556426,5567.80109285997
961.5651175176902,678.3539238778194,-1278.196870099734
-5195.551152902016,11312.149106234096,-2802.4324395070375
961.5651175176902,678.3539238778194,-1278.196870099734
961.5651175176902,678.3539238778194,-1278.196870099734
961.5651175176902,678.3539238778194,-1278.196870099734
961.5651175176902,678.3539238778194,-1278.196870099734
5342.515133920953,943.598226269091,6718.248567582744
961.5651175176902,678.3539238778194,-1278.196870099734
961.5651175176902,678.3539238778194,-1278.196870099734
961.5651175176902,678.3539238778194,-1278.196870099734
961.5651175176902,678.3539238778194,-1278.196870099734
4482.162089211028,8202.511325656014,-1446.1389538028436
961.5651175176902,678.3539238778194,-1278.196870099734
-5946.302319247777,-6476.111819927001,5051.57443267872

954.4928794932499,687.7673244793897,-1278.4671330836577
10970.0697575249,6092.889097215995,-2184.7653916267514
954.4928794932499,687.7673244793897,-1278.4671330836577
-778.0469051404809,9602.438762234122,-5791.439674939933
954.4928794932499,687.7673244793897,-1278.4671330836577
954.4928794932499,687.7673244793897,-1278.4671330836577
11410.362784248304,-1724.958634191719,2522.7493377117084
954.4928794932499,687.7673244793897,-1278.4671330836577
-1210.8972937732174,11703.909570806803,4061.8522840006867
954.4928794932499,687.7673244793897,-1278.4671330836577
-5842.290915703626,10294.431081402878,-4407.784939410301
954.4928794932499,687.7673244793897,-1278.4671330836577
954.4928794932499,687.7673244793897,-1278.4671330836577
954.4928794932499,687.7673244793897,-1278.4671330836577
954.4928794932499,687.7673244793897,-1278.4671330836577
2927.0211771198537,1375.3681057814601,8286.192172606181
954.4928794932499,687.7673244793897,-1278.4671330836577
954.4928794932499,687.7673244793897,-1278.4671330836577
954.4928794932499,687.7673244793897,-1278.4671330836577
954.4928794932499,687.7673244793897,-1278.4671330836577
3088.861612650729,8408.406887841917,949.6119619402755
954.4928794932499,687.7673244793897,-1278.4671330836577
-5708.4758551710565,-8312.01231413855,3378.339985915753

947.3307478945616,697.1126681698953,-1278.732631151086
9835.535443892006,7430.298649337989,-3132.065210381175
947.3307478945616,697.1126681698953,-1278.732631151086
-2956.899652544272,8738.962587081964,-5568.071204999828
947.3307478945616,697.1126681698953,-1278.732631151086
947.3307478945616,697.1126681698953,-1278.732631151086
12048.30064382363,72.31652613808163,1538.2755153654423
947.3307478945616,697.1126681698953,-1278.732631151086
-2332.2262090454797,12163.976269337556,2422.762346081132
947.3307478945616,697.1126681698953,-1278.732631151086
-6305.566206408473,8953.620138654444,-5872.432641715402
947.3307478945616,697.1126681698953,-1278.732631151086
947.3307478945616,697.1126681698953,-1278.732631151086
947.3307478945616,697.1126681698953,-1278.732631151086
947.3307478945616,697.1126681698953,-1278.732631151086
244.9049918303851,1685.2591030833553,9114.595663720287
947.3307478945616,697.1126681698953,-1278.732631151086
947.3307478945616,697.1126681698953,-1278.732631151086
947.3307478945616,697.1126681698953,-1278.732631151086
947.3307478945616,697.1126681698953,-1278.732631151086
1431.1107530956622,7889.763951949036,3259.385020469786
947.3307478945616,697.1126681698953,-1278.732631151086
-5168.272549208062,-9711.218001172108,1524.2106468805773

940.0793801947735,706.3890966750046,-1278.9933397134182
8396.810468155667,8537.497799177821,-3982.4561061121412
940.0793801947735,706.3890966750046,-1278.9933397134182
-4983.971082521308,7434.049515159851,-5061.570446824096
940.0793801947735,706.3890966750046,-1278.9933397134182
940.0793801947735,706.3890966750046,-1278.9933397134182
12259.278525909487,1866.6671812046243,498.0997480997381
940.0793801947735,706.3890966750046,-1278.9933397134182
-3381.5673761489174,12241.321700502212,708.0367548047229
940.0793801947735,706.3890966750046,-1278.9933397134182
-6560.571641677342,7317.828569415347,-7140.861877534412
940.0793801947735,706.3890966750046,-1278.9933397134182
940.0793801947735,706.3890966750046,-1278.9933397134182
2416.455965313637,7808.990461718777,8121.593922343217
940.0793801947735,706.3890966750046,-1278.9933397134182
4429.395539791642,-1940.5725312804045,-9058.545517443956
940.0793801947735,706.3890966750046,-1278.9933397134182
-2462.188686686524,1863.0547319765487,9221.848043825288
940.0793801947735,706.3890966750046,-1278.9933397134182
940.0793801947735,706.3890966750046,-1278.9933397134182
940.0793801947735,706.3890966750046,-1278.9933397134182
940.0793801947735,706.3890966750046,-1278.9933397134182
-363.63783514971976,6608.802499323262,5250.383638509257
940.0793801947735,706.3890966750046,-1278.9933397134182

932.739442062732,715.5957580485336,-1279.2492346229676
6692.301299006423,9374.132686811083,-4706.504093703119
932.739442062732,715.5957580485336,-1279.2492346229676
-6718.154561523874,5698.427050535316,-4259.654094474339
932.739442062732,715.5957580485336,-1279.2492346229676
932.739442062732,715.5957580485336,-1279.2492346229676
12062.69395059975,3598.396940540184,-559.5272596748136
932.739442062732,715.5957580485336,-1279.2492346229676
-4328.053248928611,11942.375112889038,-1027.349967376424
932.739442062732,715.5957580485336,-1279.2492346229676
-6583.424839630607,5424.289294243388,-8154.512342123283
932.739442062732,715.5957580485336,-1279.2492346229676
932.739442062732,715.5957580485336,-1279.2492346229676
1316.0986721022912,9439.9018573431,7124.049486855649
932.739442062732,715.5957580485336,-1279.2492346229676
6289.300565126913,-1715.793102978303,-7278.0654972218135
932.739442062732,715.5957580485336,-1279.2492346229676
-5005.057170088012,1914.109481118675,8694.22963412002
932.739442062732,715.5957580485336,-1279.2492346229676
932.739442062732,715.5957580485336,-1279.2492346229676
932.739442062732,715.5957580485336,-1279.2492346229676
932.739442062732,715.5957580485336,-1279.2492346229676
-2120.3212234212688,4643.133718870277,6694.761812147045
932.739442062732,715.5957580485336,-1279.2492346229676

925.3116073048784,724.7318067469491,-1279.5002921750997
4766.909481951956,9901.057665158867,-5274.636695663762
925.3116073048784,724.7318067469491,-1279.5002921750997
925.3116073048784,724.7318067469491,-1279.5002921750997
925.3116073048784,724.7318067469491,-1279.5002921750997
11482.747032910183,5215.115889571471,-1599.9966550341746
925.3116073048784,724.7318067469491,-1279.5002921750997
-5143.020191623165,11278.39141256157,-2729.784969751581
925.3116073048784,724.7318067469491,-1279.5002921750997
-6351.980155190114,3322.801522006996,-8851.340272274969
925.3116073048784,724.7318067469491,-1279.5002921750997
925.3116073048784,724.7318067469491,-1279.5002921750997
163.9798273721874,10717.089865266707,5857.88424410882
925.3116073048784,724.7318067469491,-1279.5002921750997
7720.212339615026,-1376.4759576409215,-5007.436354454771
925.3116073048784,724.7318067469491,-1279.5002921750997
-7254.29823277587,1852.7603873883495,7648.300860967569
925.3116073048784,724.7318067469491,-1279.5002921750997
925.3116073048784,724.7318067469491,-1279.5002921750997
925.3116073048784,724.7318067469491,-1279.5002921750997
6783.5452052419505,3355.471126704699,-8502.690015895707
925.3116073048784,724.7318067469491,-1279.5002921750997
-3655.92330119874,2190.240150158791,7436.854941107069
925.3116073048784,724.7318067469491,-1279.5002921750997

