4,4
0.2,8500.0,55.0,-170.0,70.0,
0.2,8500.0,55.0,-85.0,70.0,
0.2,8500.0,55.0,0.0,70.0,
0.2,8500.0,55.0,85.0,70.0,
10607.9049393749064620,0.3139850523128213,54.33243729831759,180.0533452088086,60.40050561031438,88.77066001733967,
10628.6485864926489739,0.3124912216527111,54.27580198484502,180.0073283318856,60.5658793388986,131.5966323298057,
10614.1038693746013450,0.3144608268247773,54.23617167727398,179.8580833013694,60.93373187892408,232.0348503775256,
10627.3253650128117442,0.3159087958083227,54.23426888334244,179.9129244719492,60.76565455676858,304.4024619388856,
10628.2624546132665273,0.2627492060885901,53.69566524251383,263.1945746252283,58.44812389428726,348.8789922945904,
10649.4108939782709058,0.2659324406040203,53.63350984047267,263.1663576528158,59.22470400748961,125.6785585358765,
10637.5555592377386347,0.2644990913297455,53.73935408075992,263.3620872837866,58.6880339165399,168.5978612743765,
10632.3390325282289268,0.2599627920969786,53.72535866927984,263.3252989578604,58.20449380296835,300.2341563245858,
10612.1811004219380266,0.2843845162883958,53.55933087552292,348.7473155376098,64.14379968976097,78.60954875584579,
10627.9284961397133884,0.2804345707122284,53.54854675826786,348.717886688575,64.32837612453312,115.5364431357849,
10611.2522995284216449,0.2815092424402701,53.532868564864,348.5864524262492,64.77527214164095,240.066154725436,
10625.5349787036229827,0.2849725478509522,53.47904598998425,348.5598415403892,64.64054911675916,285.5074466943154,
10623.0041789647439145,0.2663102335096875,55.24114399381509,73.17360107249797,64.87088789886218,351.45963402084,
10647.3926951000648842,0.2685492591238812,55.17637925786849,73.08880626498009,65.51684001923071,100.8149339844799,
10608.0153263328666071,0.2730774588605638,55.24581281365622,73.25651125950706,65.19374221343402,180.50342166853,
10630.8185107694971521,0.2673866696988418,55.23263617250656,73.26818956066202,64.75761212494497,263.8602990493094,
1027.2046867054094,580.6699715540859,-1275.2378898644045
1027.2046867054094,580.6699715540859,-1275.2378898644045
10416.159149495812,5420.296937698277,-1805.7634550699802
1027.2046867054094,580.6699715540859,-1275.2378898644045
-5548.253520549257,8701.207707105443,-5885.79979999614
1027.2046867054094,580.6699715540859,-1275.2378898644045
1027.2046867054094,580.6699715540859,-1275.2378898644045
1027.2046867054094,580.6699715540859,-1275.2378898644045
1577.156282698688,7603.582612487673,6613.479380403247
1027.2046867054094,580.6699715540859,-1275.2378898644045
-6806.2068596428335,7844.630790651307,-7395.932391667442
1027.2046867054094,580.6699715540859,-1275.2378898644045
1027.2046867054094,580.6699715540859,-1275.2378898644045
1027.2046867054094,580.6699715540859,-1275.2378898644045
1027.2046867054094,580.6699715540859,-1275.2378898644045
4904.214427998706,-2260.425929078819,-10581.86786155784
1027.2046867054094,580.6699715540859,-1275.2378898644045
8125.022025126085,252.37887852622197,3711.6666921482347
1027.2046867054094,580.6699715540859,-1275.2378898644045
1027.2046867054094,580.6699715540859,-1275.2378898644045
1027.2046867054094,580.6699715540859,-1275.2378898644045
6431.180485126553,-808.8815131436987,-10979.44116362127
1027.2046867054094,580.6699715540859,-1275.2378898644045
3357.196559879241,9548.509916747813,1263.0081662853127

1021.0656998825555,590.7154015749067,-1275.554354336006
1021.0656998825555,590.7154015749067,-1275.554354336006
9537.23815423405,7040.494021543661,-2881.0903467621742
1021.0656998825555,590.7154015749067,-1275.554354336006
-7142.868456372304,7303.916475126094,-5273.109057166379
1021.0656998825555,590.7154015749067,-1275.554354336006
1021.0656998825555,590.7154015749067,-1275.554354336006
1021.0656998825555,590.7154015749067,-1275.554354336006
288.2312913020522,9278.256604807311,5312.109647264145
1021.0656998825555,590.7154015749067,-1275.554354336006
-7009.1029583038635,6243.913104801554,-8569.98706313226
1021.0656998825555,590.7154015749067,-1275.554354336006
1021.0656998825555,590.7154015749067,-1275.554354336006
1021.0656998825555,590.7154015749067,-1275.554354336006
1021.0656998825555,590.7154015749067,-1275.554354336006
6599.607412077218,-2090.3535313257744,-9179.183439058095
1021.0656998825555,590.7154015749067,-1275.554354336006
1021.0656998825555,590.7154015749067,-1275.554354336006
1021.0656998825555,590.7154015749067,-1275.554354336006
1021.0656998825555,590.7154015749067,-1275.554354336006
6986.655256765185,1062.2935935588996,-10565.317047517337
1021.0656998825555,590.7154015749067,-1275.554354336006
1843.5584109917168,8944.33762451873,3288.9328581147065

1014.8307084963903,600.7016877332796,-1275.8663235022332
1014.8307084963903,600.7016877332796,-1275.8663235022332
8323.500393590826,8414.563272829006,-3855.7927274124463
1014.8307084963903,600.7016877332796,-1275.8663235022332
1014.8307084963903,600.7016877332796,-1275.8663235022332
1014.8307084963903,600.7016877332796,-1275.8663235022332
1014.8307084963903,600.7016877332796,-1275.8663235022332
-1018.3551648315029,10474.904084309617,3734.2937894783354
1014.8307084963903,600.7016877332796,-1275.8663235022332
-6995.113395163442,4450.657084501412,-9477.716057118698
1014.8307084963903,600.7016877332796,-1275.8663235022332
1014.8307084963903,600.7016877332796,-1275.8663235022332
1014.8307084963903,600.7016877332796,-1275.8663235022332
1014.8307084963903,600.7016877332796,-1275.8663235022332
8018.521887644159,-1834.7612030313915,-7394.488432082883
1014.8307084963903,600.7016877332796,-1275.8663235022332
1014.8307084963903,600.7016877332796,-1275.8663235022332
1014.8307084963903,600.7016877332796,-1275.8663235022332
1014.8307084963903,600.7016877332796,-1275.8663235022332
7326.261263860956,2898.904927502096,-9824.54538677572
1014.8307084963903,600.7016877332796,-1275.8663235022332
203.9915126175835,7723.8773524272465,5084.685625769158

1008.5002848572003,610.6279129228458,-1276.1737684980192
9928.51461416399,-1576.3783885280639,2257.3778109644413
1008.5002848572003,610.6279129228458,-1276.1737684980192
6834.503830332225,9511.578941488555,-4703.31863374827
1008.5002848572003,610.6279129228458,-1276.1737684980192
1008.5002848572003,610.6279129228458,-1276.1737684980192
1008.5002848572003,610.6279129228458,-1276.1737684980192
1008.5002848572003,610.6279129228458,-1276.1737684980192
-2280.9010926128,11196.483066742261,1985.699903576259
1008.5002848572003,610.6279129228458,-1276.1737684980192
-6758.355424221052,2516.3488924048393,-10082.818325340468
1008.5002848572003,610.6279129228458,-1276.1737684980192
1008.5002848572003,610.6279129228458,-1276.1737684980192
1008.5002848572003,610.6279129228458,-1276.1737684980192
1008.5002848572003,610.6279129228458,-1276.1737684980192
9060.405552602746,-1494.9889403215668,-5265.236734548457
1008.5002848572003,610.6279129228458,-1276.1737684980192
1008.5002848572003,610.6279129228458,-1276.1737684980192
1008.5002848572003,610.6279129228458,-1276.1737684980192
1008.5002848572003,610.6279129228458,-1276.1737684980192
7432.909552069763,4641.649350332056,-8771.438392720629
1008.5002848572003,610.6279129228458,-1276.1737684980192

1002.075010040451,620.4931655505611,-1276.4766608745633
10721.464232238688,468.7479628308598,1151.235896885619
1002.075010040451,620.4931655505611,-1276.4766608745633
5128.521380425668,10308.117989493061,-5401.73966755336
1002.075010040451,620.4931655505611,-1276.4766608745633
1002.075010040451,620.4931655505611,-1276.4766608745633
1002.075010040451,620.4931655505611,-1276.4766608745633
1002.075010040451,620.4931655505611,-1276.4766608745633
-3452.6175926954197,11464.204715526734,156.1902811834528
1002.075010040451,620.4931655505611,-1276.4766608745633
-6295.897707303312,498.64862384738075,-10350.794544777733
1002.075010040451,620.4931655505611,-1276.4766608745633
1002.075010040451,620.4931655505611,-1276.4766608745633
1002.075010040451,620.4931655505611,-1276.4766608745633
1002.075010040451,620.4931655505611,-1276.4766608745633
9616.858278407755,-1077.1939513217878,-2857.65044616489
1002.075010040451,620.4931655505611,-1276.4766608745633
1002.075010040451,620.4931655505611,-1276.4766608745633
1002.075010040451,620.4931655505611,-1276.4766608745633
1002.075010040451,620.4931655505611,-1276.4766608745633
7291.736059382426,6228.110817006641,-7426.185285875922
1002.075010040451,620.4931655505611,-1276.4766608745633

995.555473834318,630.296539619148,-1276.7749726019283
10973.525562911169,2491.6235431730406,-14.835960325379856
995.555473834318,630.296539619148,-1276.7749726019283
3263.235963242603,10786.389882606978,-5932.567764960589
995.555473834318,630.296539619148,-1276.7749726019283
995.555473834318,630.296539619148,-1276.7749726019283
995.555473834318,630.296539619148,-1276.7749726019283
1693.2567801180346,7414.414754395891,6712.402836183402
995.555473834318,630.296539619148,-1276.7749726019283
-4498.265864816956,11309.353458893967,-1678.7461592205368
995.555473834318,630.296539619148,-1276.7749726019283
995.555473834318,630.296539619148,-1276.7749726019283
995.555473834318,630.296539619148,-1276.7749726019283
995.555473834318,630.296539619148,-1276.7749726019283
-4050.5353410983453,-2019.109662248631,-11903.689086175018
995.555473834318,630.296539619148,-1276.7749726019283
9579.699965386184,-594.9096432436019,-278.10781544212136
995.555473834318,630.296539619148,-1276.7749726019283
995.555473834318,630.296539619148,-1276.7749726019283
995.555473834318,630.296539619148,-1276.7749726019283
3037.278580002387,-6874.0880471320015,-9716.893443929615
995.555473834318,630.296539619148,-1276.7749726019283
6890.757698719046,7591.377978213394,-5816.872947665332
995.555473834318,630.296539619148,-1276.7749726019283

988.9422746852302,640.0371348109314,-1277.0686760716578
10736.182168204938,4404.349736287858,-1181.6210093909756
988.9422746852302,640.0371348109314,-1277.0686760716578
1296.8554594316452,10933.130854361385,-6279.9674576904345
988.9422746852302,640.0371348109314,-1277.0686760716578
988.9422746852302,640.0371348109314,-1277.0686760716578
988.9422746852302,640.0371348109314,-1277.0686760716578
406.196656963152,9135.592615542291,5441.12149966931
988.9422746852302,640.0371348109314,-1277.0686760716578
-5391.191073812898,10768.48419786812,-3455.4753696352373
988.9422746852302,640.0371348109314,-1277.0686760716578
988.9422746852302,640.0371348109314,-1277.0686760716578
988.9422746852302,640.0371348109314,-1277.0686760716578
988.9422746852302,640.0371348109314,-1277.0686760716578
-2097.022925347512,-2203.892646880326,-12304.300041002038
988.9422746852302,640.0371348109314,-1277.0686760716578
8858.610321906935,-72.01376655830268,2316.1861028913945
988.9422746852302,640.0371348109314,-1277.0686760716578
988.9422746852302,640.0371348109314,-1277.0686760716578
988.9422746852302,640.0371348109314,-1277.0686760716578
4192.600844408046,-5362.433762256562,-10516.92997890099
988.9422746852302,640.0371348109314,-1277.0686760716578
6222.340161174736,8658.995380648501,-3982.5814928340174
988.9422746852302,640.0371348109314,-1277.0686760716578

982.23601964193,649.714056572055,-1277.3577440993824
10068.390080179746,6141.271828822033,-2302.032946758742
982.23601964193,649.714056572055,-1277.3577440993824
-710.5020384845332,10739.168170245013,-6430.329069255799
982.23601964193,649.714056572055,-1277.3577440993824
982.23601964193,649.714056572055,-1277.3577440993824
9166.942943716153,-2786.591414529481,2861.8595272486955
982.23601964193,649.714056572055,-1277.3577440993824
-905.1017016957044,10378.891878926635,3882.2919886974546
982.23601964193,649.714056572055,-1277.3577440993824
-6110.995829173895,9880.887793701017,-5119.6002614451645
982.23601964193,649.714056572055,-1277.3577440993824
982.23601964193,649.714056572055,-1277.3577440993824
982.23601964193,649.714056572055,-1277.3577440993824
982.23601964193,649.714056572055,-1277.3577440993824
-77.44089138020549,-2321.0785979514467,-12320.942222813272
982.23601964193,649.714056572055,-1277.3577440993824
7411.202512511984,455.1604549363223,4714.976561886881
982.23601964193,649.714056572055,-1277.3577440993824
982.23601964193,649.714056572055,-1277.3577440993824
982.23601964193,649.714056572055,-1277.3577440993824
5213.75706385167,-3678.965288271418,-10977.862018260712
982.23601964193,649.714056572055,-1277.3577440993824
5285.873172404899,9352.800829935079,-1977.8030055836941
982.23601964193,649.714056572055,-1277.3577440993824

975.4373243019086,659.3264161915719,-1277.6421499272446
9030.980733051954,7653.501594500711,-3338.6432902692095
975.4373243019086,659.3264161915719,-1277.6421499272446
-2695.2266164717407,10199.642295115447,-6372.20664696127
975.4373243019086,659.3264161915719,-1277.6421499272446
975.4373243019086,659.3264161915719,-1277.6421499272446
10309.795305512662,-782.657501061929,1826.1312394316478
975.4373243019086,659.3264161915719,-1277.6421499272446
-2177.1352878538087,11145.202382561427,2143.4846644413924
975.4373243019086,659.3264161915719,-1277.6421499272446
-6641.834464347965,8687.522320364047,-6623.628552428779
975.4373243019086,659.3264161915719,-1277.6421499272446
975.4373243019086,659.3264161915719,-1277.6421499272446
975.4373243019086,659.3264161915719,-1277.6421499272446
975.4373243019086,659.3264161915719,-1277.6421499272446
1945.072021023008,-2364.798511028198,-11940.548076488849
975.4373243019086,659.3264161915719,-1277.6421499272446
975.4373243019086,659.3264161915719,-1277.6421499272446
975.4373243019086,659.3264161915719,-1277.6421499272446
975.4373243019086,659.3264161915719,-1277.6421499272446
6074.179118932121,-1882.9080231945604,-11098.633439746689
975.4373243019086,659.3264161915719,-1277.6421499272446
4092.1970174473918,9590.74963307491,121.71563507062616
975.4373243019086,659.3264161915719,-1277.6421499272446

968.5468127532727,668.873330885544,-1277.9218672264574
7684.1967457076125,8904.414017372601,-4261.3614151801985
968.5468127532727,668.873330885544,-1277.9218672264574
-4588.498190060276,9314.967441101071,-6096.677059831453
968.5468127532727,668.873330885544,-1277.9218672264574
968.5468127532727,668.873330885544,-1277.9218672264574
10888.587226562468,1265.855030754097,688.2189126845493
968.5468127532727,668.873330885544,-1277.9218672264574
-3361.7809600186456,11454.823913182565,316.2974745294475
968.5468127532727,668.873330885544,-1277.9218672264574
-6971.2386090008895,7230.904265554049,-7925.037917046946
968.5468127532727,668.873330885544,-1277.9218672264574
968.5468127532727,668.873330885544,-1277.9218672264574
968.5468127532727,668.873330885544,-1277.9218672264574
968.5468127532727,668.873330885544,-1277.9218672264574
3901.814849909242,-2329.8262201101547,-11155.551397988715
968.5468127532727,668.873330885544,-1277.9218672264574
968.5468127532727,668.873330885544,-1277.9218672264574
968.5468127532727,668.873330885544,-1277.9218672264574
968.5468127532727,668.873330885544,-1277.9218672264574
6751.034711760811,-31.35474986720737,-10882.841600598433
968.5468127532727,668.873330885544,-1277.9218672264574
2670.3257008310584,9292.69901671632,2212.2174252262516
968.5468127532727,668.873330885544,-1277.9218672264574

961.5651175176902,678.3539238778194,-1278.196870099734
6087.03384912662,9866.286761089634,-5045.54696206861
961.5651175176902,678.3539238778194,-1278.196870099734
-6314.543169952254,8092.715285751343,-5598.2450197046155
961.5651175176902,678.3539238778194,-1278.196870099734
961.5651175176902,678.3539238778194,-1278.196870099734
10945.783966391462,3254.843865556151,-484.36956572001776
961.5651175176902,678.3539238778194,-1278.196870099734
-4422.899356035323,11338.790961870895,-1522.4217605593592
961.5651175176902,678.3539238778194,-1278.196870099734
-7089.392763403023,5555.674088258691,-8984.74919929589
961.5651175176902,678.3539238778194,-1278.196870099734
961.5651175176902,678.3539238778194,-1278.196870099734
1851.4025474912958,7179.476439111779,6839.799169043961
961.5651175176902,678.3539238778194,-1278.196870099734
961.5651175176902,678.3539238778194,-1278.196870099734
5716.693213021496,-2211.829427958139,-9965.856649966752
961.5651175176902,678.3539238778194,-1278.196870099734
961.5651175176902,678.3539238778194,-1278.196870099734
961.5651175176902,678.3539238778194,-1278.196870099734
2941.1890880374594,-6970.700245740607,-9622.901200547263
961.5651175176902,678.3539238778194,-1278.196870099734
7224.27755575119,1819.438598689801,-10338.10823280058
961.5651175176902,678.3539238778194,-1278.196870099734
1076.450920181071,8393.120836559478,4156.386113708811
961.5651175176902,678.3539238778194,-1278.196870099734

954.4928794932499,687.7673244793897,-1278.4671330836577
4297.5929080439555,10517.957841561833,-5670.589194475109
954.4928794932499,687.7673244793897,-1278.4671330836577
-7789.130311071125,6550.718262430912,-4876.504398239869
954.4928794932499,687.7673244793897,-1278.4671330836577
954.4928794932499,687.7673244793897,-1278.4671330836577
10536.953720985679,5106.015172652993,-1637.6050769181093
954.4928794932499,687.7673244793897,-1278.4671330836577
-5333.282007320628,10833.729922086628,-3308.0933447390807
954.4928794932499,687.7673244793897,-1278.4671330836577
-6988.817128197446,3709.7001214602374,-9766.005338699579
954.4928794932499,687.7673244793897,-1278.4671330836577
954.4928794932499,687.7673244793897,-1278.4671330836577
570.3066883663282,8949.81868253652,5608.490891543182
954.4928794932499,687.7673244793897,-1278.4671330836577
954.4928794932499,687.7673244793897,-1278.4671330836577
7304.5687623383665,-2007.89087041903,-8382.208605515452
954.4928794932499,687.7673244793897,-1278.4671330836577
954.4928794932499,687.7673244793897,-1278.4671330836577
954.4928794932499,687.7673244793897,-1278.4671330836577
4109.244422570174,-5472.582703355022,-10451.302573015359
954.4928794932499,687.7673244793897,-1278.4671330836577
7476.058061519988,3612.6451790590427,-9476.112453226347
954.4928794932499,687.7673244793897,-1278.4671330836577
954.4928794932499,687.7673244793897,-1278.4671330836577

947.3307478945616,697.1126681698953,-1278.732631151086
2374.0051278206934,10843.32944395278,-6118.911297343083
947.3307478945616,697.1126681698953,-1278.732631151086
947.3307478945616,697.1126681698953,-1278.732631151086
947.3307478945616,697.1126681698953,-1278.732631151086
9722.325733134026,6761.1617697677575,-2728.6960017869965
947.3307478945616,697.1126681698953,-1278.732631151086
-6072.236170304509,9979.105583697099,-4985.756032137112
947.3307478945616,697.1126681698953,-1278.732631151086
-6664.467663183857,1745.682109096983,-10233.69135639718
947.3307478945616,697.1126681698953,-1278.732631151086
947.3307478945616,697.1126681698953,-1278.732631151086
-744.2991053542848,10243.538637052836,4075.4354156717845
947.3307478945616,697.1126681698953,-1278.732631151086
-3195.597527699658,-2067.643063328375,-12095.101818618983
947.3307478945616,697.1126681698953,-1278.732631151086
8570.350883625419,-1717.4207176150558,-6431.436297212263
947.3307478945616,697.1126681698953,-1278.732631151086
947.3307478945616,697.1126681698953,-1278.732631151086
947.3307478945616,697.1126681698953,-1278.732631151086
5144.859466453797,-3797.525892444931,-10939.871502952405
947.3307478945616,697.1126681698953,-1278.732631151086
7490.5083113629025,5289.394269300695,-8313.273723764165
947.3307478945616,697.1126681698953,-1278.732631151086
947.3307478945616,697.1126681698953,-1278.732631151086

940.0793801947735,706.3890966750046,-1278.9933397134182
375.70772655560273,10830.59045632512,-6375.35517042777
940.0793801947735,706.3890966750046,-1278.9933397134182
940.0793801947735,706.3890966750046,-1278.9933397134182
940.0793801947735,706.3890966750046,-1278.9933397134182
8562.615560191061,8176.964646471707,-3723.5839156081006
940.0793801947735,706.3890966750046,-1278.9933397134182
-6623.803918213083,8816.009322678772,-6507.684766671846
940.0793801947735,706.3890966750046,-1278.9933397134182
940.0793801947735,706.3890966750046,-1278.9933397134182
940.0793801947735,706.3890966750046,-1278.9933397134182
-2026.5528743403383,11057.665238848245,2349.885327038355
940.0793801947735,706.3890966750046,-1278.9933397134182
-1200.7338816522035,-2222.673328700899,-12320.161507027331
940.0793801947735,706.3890966750046,-1278.9933397134182
9409.975818511872,-1343.6141901354472,-4164.033084975458
940.0793801947735,706.3890966750046,-1278.9933397134182
940.0793801947735,706.3890966750046,-1278.9933397134182
940.0793801947735,706.3890966750046,-1278.9933397134182
6021.0417616834675,-2005.4129687691052,-11087.358191532312
940.0793801947735,706.3890966750046,-1278.9933397134182
7253.976985462296,6787.288474993296,-6872.165711924421
940.0793801947735,706.3890966750046,-1278.9933397134182
940.0793801947735,706.3890966750046,-1278.9933397134182

932.739442062732,715.5957580485336,-1279.2492346229676
-1635.0378667016473,10472.10614832452,-6426.931774461895
932.739442062732,715.5957580485336,-1279.2492346229676
932.739442062732,715.5957580485336,-1279.2492346229676
932.739442062732,715.5957580485336,-1279.2492346229676
7117.402232172242,9320.910431706905,-4594.757348426845
932.739442062732,715.5957580485336,-1279.2492346229676
-6975.5260061669815,7386.947394692665,-7831.406443779904
932.739442062732,715.5957580485336,-1279.2492346229676
932.739442062732,715.5957580485336,-1279.2492346229676
932.739442062732,715.5957580485336,-1279.2492346229676
-3226.198535620939,11410.12765190329,525.5565580252568
932.739442062732,715.5957580485336,-1279.2492346229676
833.0624806954477,-2307.855897567656,-12151.679597280254
932.739442062732,715.5957580485336,-1279.2492346229676
9715.357248680428,-895.5817719148673,-1664.0858104657377
932.739442062732,715.5957580485336,-1279.2492346229676
932.739442062732,715.5957580485336,-1279.2492346229676
932.739442062732,715.5957580485336,-1279.2492346229676
6714.715521597799,-153.80967485090298,-10897.331712954803
932.739442062732,715.5957580485336,-1279.2492346229676
6755.879640000397,8039.039503991853,-5183.834205942901
932.739442062732,715.5957580485336,-1279.2492346229676
932.739442062732,715.5957580485336,-1279.2492346229676

925.3116073048784,724.7318067469491,-1279.5002921750997
-3591.448341325054,9765.01246822615,-6262.968835577242
925.3116073048784,724.7318067469491,-1279.5002921750997
925.3116073048784,724.7318067469491,-1279.5002921750997
925.3116073048784,724.7318067469491,-1279.5002921750997
5444.946986270126,10168.328716794345,-5319.535409451347
925.3116073048784,724.7318067469491,-1279.5002921750997
-7117.663295515257,5736.318256039853,-8918.128032572095
925.3116073048784,724.7318067469491,-1279.5002921750997
925.3116073048784,724.7318067469491,-1279.5002921750997
925.3116073048784,724.7318067469491,-1279.5002921750997
-4305.302417122396,11330.671129557923,-1318.5581886443938
925.3116073048784,724.7318067469491,-1279.5002921750997
2839.4612051151653,-2317.413253354682,-11578.166408620984
925.3116073048784,724.7318067469491,-1279.5002921750997
9386.500119690465,-391.0680841341682,939.9365536590743
925.3116073048784,724.7318067469491,-1279.5002921750997
925.3116073048784,724.7318067469491,-1279.5002921750997
925.3116073048784,724.7318067469491,-1279.5002921750997
7205.733845481837,1700.767049096204,-10377.471264741494
925.3116073048784,724.7318067469491,-1279.5002921750997
5990.45731448291,8971.528334929111,-3291.271102696047
925.3116073048784,724.7318067469491,-1279.5002921750997
925.3116073048784,724.7318067469491,-1279.5002921750997

