4,4
0.1,8600.0,55.0,-170.0,30.0,
0.1,8600.0,55.0,-85.0,30.0,
0.1,8600.0,55.0,0.0,30.0,
0.1,8600.0,55.0,85.0,30.0,
9553.2884178238000459,0.1586886216818509,54.89131117707128,182.9143611447741,44.10742383218619,249.2032675621971,
9559.4886939081297896,0.1601292692541413,54.8899205517021,183.0138207309344,44.30739307698195,347.9027590679207,
9548.7601336943116621,0.1601920939164857,54.9573117592401,182.9576153022805,44.52548056350726,114.924011338129,
9560.1320568518385699,0.1585421706683380,54.8590375195238,183.0511316002764,44.31242670180256,187.9094729825171,
9527.7289286304312554,0.1451700456838096,54.35619788771058,266.6075761962139,39.23211180689978,236.8844049600991,
9566.0320215560968791,0.1494010676751153,54.30190584676524,266.5644465726077,38.87899241933203,265.8578401771708,
9550.1689217910443404,0.1440874962624521,54.35546696861819,266.59909095249,37.49516687126801,106.0021588583363,
9591.9367550819843018,0.1393994495232845,54.34533023642825,266.6092904617439,38.0037361839681,139.0951499889546,
9563.7639159030550218,0.1516036641930885,54.23883246219123,351.9709925627412,44.59376528810447,240.7118389747401,
9554.1201763629687775,0.1509317159911041,54.25863190469076,352.091294360086,45.13722219128407,351.8870284431774,
9552.5936981442864635,0.1514008380976778,54.30766388408937,351.9973382604394,45.41626093271027,106.62711470695,
9555.4831787966322736,0.1516102638758802,54.24343113752728,352.1250840886724,44.96878542011795,189.0350498434754,
9523.1538253594990238,0.1349723152537694,55.64602702320089,76.55006772400453,44.59882071020596,237.75000141782,
9557.5240929204574059,0.1393874512295488,55.60672704927074,76.51174641292558,45.04596546222912,253.4154332899787,
9541.7819074063227163,0.1355130716541199,55.64127012998583,76.53424478384648,42.69579323463844,104.6338288352608,
9592.2601800464399275,0.1305190316827267,55.63657000543832,76.56016766854937,42.61970176828061,127.0711717946753,
1027.2046867054094,580.6699715540859,-1275.2378898644045
1027.2046867054094,580.6699715540859,-1275.2378898644045
9893.186812571954,-1234.6273761516493,2056.5331125678676
1027.2046867054094,580.6699715540859,-1275.2378898644045
2095.2170877394215,8697.000988503245,-4858.087861566229
1027.2046867054094,580.6699715540859,-1275.2378898644045
1027.2046867054094,580.6699715540859,-1275.2378898644045
1027.2046867054094,580.6699715540859,-1275.2378898644045
1027.2046867054094,580.6699715540859,-1275.2378898644045
-3253.610402766927,9990.664113154071,-290.0115778132696
1027.2046867054094,580.6699715540859,-1275.2378898644045
1027.2046867054094,580.6699715540859,-1275.2378898644045
1027.2046867054094,580.6699715540859,-1275.2378898644045
1027.2046867054094,580.6699715540859,-1275.2378898644045
-2730.2998676151997,-1668.5642837982728,-9663.85711676306
1027.2046867054094,580.6699715540859,-1275.2378898644045
8498.221831707484,-889.4305164186827,-2247.4071881490954
1027.2046867054094,580.6699715540859,-1275.2378898644045
1027.2046867054094,580.6699715540859,-1275.2378898644045
1027.2046867054094,580.6699715540859,-1275.2378898644045
1027.2046867054094,580.6699715540859,-1275.2378898644045
5452.362144643571,6398.142780188085,-4339.02247147727

1021.0656998825555,590.7154015749067,-1275.554354336006
1021.0656998825555,590.7154015749067,-1275.554354336006
10268.600834072968,816.8509678400518,894.143470423088
1021.0656998825555,590.7154015749067,-1275.554354336006
-322.88650714373085,8565.576969716323,-5104.1866985210945
1021.0656998825555,590.7154015749067,-1275.554354336006
1021.0656998825555,590.7154015749067,-1275.554354336006
1021.0656998825555,590.7154015749067,-1275.554354336006
1021.0656998825555,590.7154015749067,-1275.554354336006
-4232.050896504466,9313.017673130553,-2291.2259053753237
1021.0656998825555,590.7154015749067,-1275.554354336006
1021.0656998825555,590.7154015749067,-1275.554354336006
1021.0656998825555,590.7154015749067,-1275.554354336006
1021.0656998825555,590.7154015749067,-1275.554354336006
-305.240384135126,-1828.2971333662504,-9802.693185432749
1021.0656998825555,590.7154015749067,-1275.554354336006
8661.238199642947,-382.6324809930688,495.82740635753095
1021.0656998825555,590.7154015749067,-1275.554354336006
1021.0656998825555,590.7154015749067,-1275.554354336006
1021.0656998825555,590.7154015749067,-1275.554354336006
3120.0840832958474,-5086.8741968629865,-8618.833843858438
1021.0656998825555,590.7154015749067,-1275.554354336006
4648.371981357316,7643.319353615491,-2164.0677762408986

1014.8307084963903,600.7016877332796,-1275.8663235022332
1014.8307084963903,600.7016877332796,-1275.8663235022332
10055.234431954272,2821.5146581087533,-320.38523341720224
1014.8307084963903,600.7016877332796,-1275.8663235022332
-2719.201919289552,7888.749244057275,-5023.822197400191
1014.8307084963903,600.7016877332796,-1275.8663235022332
1014.8307084963903,600.7016877332796,-1275.8663235022332
1014.8307084963903,600.7016877332796,-1275.8663235022332
1014.8307084963903,600.7016877332796,-1275.8663235022332
-4978.234726063112,8124.4768151499875,-4164.92324084212
1014.8307084963903,600.7016877332796,-1275.8663235022332
1014.8307084963903,600.7016877332796,-1275.8663235022332
1014.8307084963903,600.7016877332796,-1275.8663235022332
1014.8307084963903,600.7016877332796,-1275.8663235022332
2138.187427438718,-1872.5097216746,-9316.688106002453
1014.8307084963903,600.7016877332796,-1275.8663235022332
7992.007466482497,159.81310934386613,3189.1898334320617
1014.8307084963903,600.7016877332796,-1275.8663235022332
1014.8307084963903,600.7016877332796,-1275.8663235022332
1014.8307084963903,600.7016877332796,-1275.8663235022332
4231.496499461971,-3060.188789290464,-8993.633816922145
1014.8307084963903,600.7016877332796,-1275.8663235022332
3468.343536628197,8268.679898427923,184.1954926491026

1008.5002848572003,610.6279129228458,-1276.1737684980192
1008.5002848572003,610.6279129228458,-1276.1737684980192
9282.792330326127,4669.198108586317,-1517.6185177997534
1008.5002848572003,610.6279129228458,-1276.1737684980192
-4927.711848384429,6673.1790579614635,-4598.659672144951
1008.5002848572003,610.6279129228458,-1276.1737684980192
1008.5002848572003,610.6279129228458,-1276.1737684980192
1008.5002848572003,610.6279129228458,-1276.1737684980192
1216.1302267980736,7963.870843277538,6196.675285493273
1008.5002848572003,610.6279129228458,-1276.1737684980192
-5444.180157333108,6479.556114334317,-5802.276230484994
1008.5002848572003,610.6279129228458,-1276.1737684980192
1008.5002848572003,610.6279129228458,-1276.1737684980192
1008.5002848572003,610.6279129228458,-1276.1737684980192
1008.5002848572003,610.6279129228458,-1276.1737684980192
4433.750346171554,-1789.8286048986795,-8193.729515576699
1008.5002848572003,610.6279129228458,-1276.1737684980192
1008.5002848572003,610.6279129228458,-1276.1737684980192
1008.5002848572003,610.6279129228458,-1276.1737684980192
1008.5002848572003,610.6279129228458,-1276.1737684980192
5104.903450463422,-863.3226142985206,-8862.191911561
1008.5002848572003,610.6279129228458,-1276.1737684980192
1985.7101756609984,8171.614137462717,2514.505311295633

1002.075010040451,620.4931655505611,-1276.4766608745633
1002.075010040451,620.4931655505611,-1276.4766608745633
8001.824396115356,6260.951386829458,-2631.8955717683402
1002.075010040451,620.4931655505611,-1276.4766608745633
1002.075010040451,620.4931655505611,-1276.4766608745633
1002.075010040451,620.4931655505611,-1276.4766608745633
1002.075010040451,620.4931655505611,-1276.4766608745633
-97.2928669121427,9229.566075643163,4644.6997921058755
1002.075010040451,620.4931655505611,-1276.4766608745633
-5590.972054222878,4456.224846244262,-7097.713081749088
1002.075010040451,620.4931655505611,-1276.4766608745633
1002.075010040451,620.4931655505611,-1276.4766608745633
1002.075010040451,620.4931655505611,-1276.4766608745633
1002.075010040451,620.4931655505611,-1276.4766608745633
6399.3985715870285,-1576.1445102984462,-6465.829281005023
1002.075010040451,620.4931655505611,-1276.4766608745633
1002.075010040451,620.4931655505611,-1276.4766608745633
1002.075010040451,620.4931655505611,-1276.4766608745633
1002.075010040451,620.4931655505611,-1276.4766608745633
5679.343084217341,1381.6985052303382,-8211.942195172069
1002.075010040451,620.4931655505611,-1276.4766608745633
318.5655569234176,7314.997702343629,4609.426115519354

995.555473834318,630.296539619148,-1276.7749726019283
9207.712873635332,-2765.1733585696734,2855.147262285121
995.555473834318,630.296539619148,-1276.7749726019283
6281.852098051359,7509.04330952224,-3601.615170913052
995.555473834318,630.296539619148,-1276.7749726019283
995.555473834318,630.296539619148,-1276.7749726019283
995.555473834318,630.296539619148,-1276.7749726019283
995.555473834318,630.296539619148,-1276.7749726019283
-1406.8444265374021,9967.170213494734,2826.149242783511
995.555473834318,630.296539619148,-1276.7749726019283
-5391.460488155407,2158.6122806155417,-7952.023499023366
995.555473834318,630.296539619148,-1276.7749726019283
995.555473834318,630.296539619148,-1276.7749726019283
995.555473834318,630.296539619148,-1276.7749726019283
995.555473834318,630.296539619148,-1276.7749726019283
7850.1635980978235,-1237.6641363472893,-4221.689951842573
995.555473834318,630.296539619148,-1276.7749726019283
995.555473834318,630.296539619148,-1276.7749726019283
995.555473834318,630.296539619148,-1276.7749726019283
995.555473834318,630.296539619148,-1276.7749726019283
5902.561196375379,3538.7156856139654,-7054.519069012628
995.555473834318,630.296539619148,-1276.7749726019283

988.9422746852302,640.0371348109314,-1277.0686760716578
10038.913456747518,-762.0209087263793,1777.7138290455543
988.9422746852302,640.0371348109314,-1277.0686760716578
4211.1006835059825,8337.55404871387,-4369.656336148027
988.9422746852302,640.0371348109314,-1277.0686760716578
988.9422746852302,640.0371348109314,-1277.0686760716578
988.9422746852302,640.0371348109314,-1277.0686760716578
988.9422746852302,640.0371348109314,-1277.0686760716578
-2639.8818308885748,10153.816591911283,851.4298414491965
988.9422746852302,640.0371348109314,-1277.0686760716578
988.9422746852302,640.0371348109314,-1277.0686760716578
988.9422746852302,640.0371348109314,-1277.0686760716578
988.9422746852302,640.0371348109314,-1277.0686760716578
988.9422746852302,640.0371348109314,-1277.0686760716578
8620.678900717618,-793.7501458702903,-1615.2001302391136
988.9422746852302,640.0371348109314,-1277.0686760716578
988.9422746852302,640.0371348109314,-1277.0686760716578
988.9422746852302,640.0371348109314,-1277.0686760716578
988.9422746852302,640.0371348109314,-1277.0686760716578
5735.426791987688,5459.207731671677,-5431.63291313187
988.9422746852302,640.0371348109314,-1277.0686760716578

982.23601964193,649.714056572055,-1277.3577440993824
10275.206468872651,1286.4179576660313,593.6945209064352
982.23601964193,649.714056572055,-1277.3577440993824
1897.3473106866782,8684.185763171132,-4884.372945169089
982.23601964193,649.714056572055,-1277.3577440993824
982.23601964193,649.714056572055,-1277.3577440993824
982.23601964193,649.714056572055,-1277.3577440993824
982.23601964193,649.714056572055,-1277.3577440993824
-3730.67285292317,9790.176367512257,-1168.653258931644
982.23601964193,649.714056572055,-1277.3577440993824
982.23601964193,649.714056572055,-1277.3577440993824
982.23601964193,649.714056572055,-1277.3577440993824
982.23601964193,649.714056572055,-1277.3577440993824
-2534.802426697652,-1671.9243794715744,-9674.497069860498
982.23601964193,649.714056572055,-1277.3577440993824
8596.024633499033,-278.1252530451217,1137.415166480174
982.23601964193,649.714056572055,-1277.3577440993824
982.23601964193,649.714056572055,-1277.3577440993824
982.23601964193,649.714056572055,-1277.3577440993824
2437.1289457068174,-6120.283533929379,-8213.655268657898
982.23601964193,649.714056572055,-1277.3577440993824
5158.595212291554,6987.440885903634,-3422.185691824408
982.23601964193,649.714056572055,-1277.3577440993824

975.4373243019086,659.3264161915719,-1277.6421499272446
9927.891398059843,3261.6540212399163,-624.8957333752616
975.4373243019086,659.3264161915719,-1277.6421499272446
-530.8200645938257,8503.872796700198,-5101.602261326905
975.4373243019086,659.3264161915719,-1277.6421499272446
975.4373243019086,659.3264161915719,-1277.6421499272446
975.4373243019086,659.3264161915719,-1277.6421499272446
1310.7435451382653,7828.17039407901,6275.637622151146
975.4373243019086,659.3264161915719,-1277.6421499272446
-4620.552750443215,8898.301868632601,-3124.2773260774384
975.4373243019086,659.3264161915719,-1277.6421499272446
975.4373243019086,659.3264161915719,-1277.6421499272446
975.4373243019086,659.3264161915719,-1277.6421499272446
975.4373243019086,659.3264161915719,-1277.6421499272446
-96.02572417042401,-1822.6828134411805,-9757.399649550744
975.4373243019086,659.3264161915719,-1277.6421499272446
7743.222234010742,263.2360642803882,3778.493930735357
975.4373243019086,659.3264161915719,-1277.6421499272446
975.4373243019086,659.3264161915719,-1277.6421499272446
975.4373243019086,659.3264161915719,-1277.6421499272446
3657.807252423702,-4244.817376113884,-8865.934190404045
975.4373243019086,659.3264161915719,-1277.6421499272446
4181.401692502904,7971.396236515413,-1148.902683188261
975.4373243019086,659.3264161915719,-1277.6421499272446

968.5468127532727,668.873330885544,-1277.9218672264574
9031.802237180027,5056.333455069153,-1809.4386360113397
968.5468127532727,668.873330885544,-1277.9218672264574
-2923.4498300297632,7774.6930499891405,-4988.133981120705
968.5468127532727,668.873330885544,-1277.9218672264574
968.5468127532727,668.873330885544,-1277.9218672264574
968.5468127532727,668.873330885544,-1277.9218672264574
-4.169416571019057,9127.182927401638,4739.655546549017
968.5468127532727,668.873330885544,-1277.9218672264574
-5258.226604332759,7520.914992437981,-4907.465369654782
968.5468127532727,668.873330885544,-1277.9218672264574
968.5468127532727,668.873330885544,-1277.9218672264574
968.5468127532727,668.873330885544,-1277.9218672264574
968.5468127532727,668.873330885544,-1277.9218672264574
2347.831408597206,-1856.4770148125901,-9209.020760926129
968.5468127532727,668.873330885544,-1277.9218672264574
968.5468127532727,668.873330885544,-1277.9218672264574
968.5468127532727,668.873330885544,-1277.9218672264574
968.5468127532727,668.873330885544,-1277.9218672264574
4678.276136329015,-2138.1578057301463,-9031.670944830283
968.5468127532727,668.873330885544,-1277.9218672264574
2851.6512038292544,8281.656020782808,1219.2186031913916
968.5468127532727,668.873330885544,-1277.9218672264574

961.5651175176902,678.3539238778194,-1278.196870099734
7641.948950775015,6574.271726946891,-2895.2088191944345
961.5651175176902,678.3539238778194,-1278.196870099734
-5111.158204834738,6506.2684667671865,-4526.986772069509
961.5651175176902,678.3539238778194,-1278.196870099734
961.5651175176902,678.3539238778194,-1278.196870099734
9400.483726647106,-2389.1416336042994,2655.656613757432
961.5651175176902,678.3539238778194,-1278.196870099734
-1320.642965851789,9896.503326020107,2927.744849010425
961.5651175176902,678.3539238778194,-1278.196870099734
-5600.590993127389,5722.070578338189,-6413.097267996192
961.5651175176902,678.3539238778194,-1278.196870099734
961.5651175176902,678.3539238778194,-1278.196870099734
961.5651175176902,678.3539238778194,-1278.196870099734
961.5651175176902,678.3539238778194,-1278.196870099734
4626.624491037272,-1762.1936888461132,-8019.958493533681
961.5651175176902,678.3539238778194,-1278.196870099734
961.5651175176902,678.3539238778194,-1278.196870099734
961.5651175176902,678.3539238778194,-1278.196870099734
961.5651175176902,678.3539238778194,-1278.196870099734
5435.182084282694,86.9526106268093,-8688.13212346752
961.5651175176902,678.3539238778194,-1278.196870099734
1262.689451411696,7838.044822019601,3474.3420577363718
961.5651175176902,678.3539238778194,-1278.196870099734

954.4928794932499,687.7673244793897,-1278.4671330836577
5832.059841262612,7730.509024899753,-3821.6322865999064
954.4928794932499,687.7673244793897,-1278.4671330836577
954.4928794932499,687.7673244793897,-1278.4671330836577
954.4928794932499,687.7673244793897,-1278.4671330836577
10121.553064064195,-365.91147828100924,1550.6132307110784
954.4928794932499,687.7673244793897,-1278.4671330836577
-2564.4212481057307,10110.713108771562,951.609066055819
954.4928794932499,687.7673244793897,-1278.4671330836577
-5614.44097235862,3588.997117126093,-7540.784575622615
954.4928794932499,687.7673244793897,-1278.4671330836577
954.4928794932499,687.7673244793897,-1278.4671330836577
954.4928794932499,687.7673244793897,-1278.4671330836577
954.4928794932499,687.7673244793897,-1278.4671330836577
6554.586493223494,-1536.3974996848353,-6227.314836182978
954.4928794932499,687.7673244793897,-1278.4671330836577
954.4928794932499,687.7673244793897,-1278.4671330836577
954.4928794932499,687.7673244793897,-1278.4671330836577
954.4928794932499,687.7673244793897,-1278.4671330836577
5872.4472883117905,2304.541896506754,-7833.790264759751
954.4928794932499,687.7673244793897,-1278.4671330836577
954.4928794932499,687.7673244793897,-1278.4671330836577

947.3307478945616,697.1126681698953,-1278.732631151086
3694.642324895673,8452.105145763073,-4532.785303268914
947.3307478945616,697.1126681698953,-1278.732631151086
947.3307478945616,697.1126681698953,-1278.732631151086
947.3307478945616,697.1126681698953,-1278.732631151086
10246.779960742944,1678.8866155157918,353.05838719807053
947.3307478945616,697.1126681698953,-1278.732631151086
-3668.1069809578166,9768.781320526123,-1076.1493044422023
947.3307478945616,697.1126681698953,-1278.732631151086
-5279.437356347608,1234.652158743883,-8198.475968032795
947.3307478945616,697.1126681698953,-1278.732631151086
947.3307478945616,697.1126681698953,-1278.732631151086
947.3307478945616,697.1126681698953,-1278.732631151086
947.3307478945616,697.1126681698953,-1278.732631151086
7944.780870945808,-1186.5292210242449,-3927.6267675129925
947.3307478945616,697.1126681698953,-1278.732631151086
947.3307478945616,697.1126681698953,-1278.732631151086
947.3307478945616,697.1126681698953,-1278.732631151086
947.3307478945616,697.1126681698953,-1278.732631151086
5944.32741964259,4376.21832559528,-6492.664989154549
947.3307478945616,697.1126681698953,-1278.732631151086
947.3307478945616,697.1126681698953,-1278.732631151086

940.0793801947735,706.3890966750046,-1278.9933397134182
1342.0404002888279,8680.292985757234,-4978.5721323073
940.0793801947735,706.3890966750046,-1278.9933397134182
940.0793801947735,706.3890966750046,-1278.9933397134182
940.0793801947735,706.3890966750046,-1278.9933397134182
9792.891364451805,3628.5590497279354,-865.2912675965193
940.0793801947735,706.3890966750046,-1278.9933397134182
-4571.447020506745,8891.903656532912,-3043.6272093821954
940.0793801947735,706.3890966750046,-1278.9933397134182
940.0793801947735,706.3890966750046,-1278.9933397134182
940.0793801947735,706.3890966750046,-1278.9933397134182
1503.5271236066524,7640.71130344508,6497.736589780525
940.0793801947735,706.3890966750046,-1278.9933397134182
-2038.7471942153122,-1694.6908155794922,-9762.495320633827
940.0793801947735,706.3890966750046,-1278.9933397134182
8633.713644941909,-733.7251063485926,-1284.6331528393496
940.0793801947735,706.3890966750046,-1278.9933397134182
940.0793801947735,706.3890966750046,-1278.9933397134182
940.0793801947735,706.3890966750046,-1278.9933397134182
3588.6490958668073,-4300.815543059793,-8797.019969832587
940.0793801947735,706.3890966750046,-1278.9933397134182
5620.266463077949,6153.965837030626,-4720.149052834091
940.0793801947735,706.3890966750046,-1278.9933397134182
940.0793801947735,706.3890966750046,-1278.9933397134182

932.739442062732,715.5957580485336,-1279.2492346229676
-1092.2879059060565,8374.57343692992,-5117.031801422592
932.739442062732,715.5957580485336,-1279.2492346229676
932.739442062732,715.5957580485336,-1279.2492346229676
932.739442062732,715.5957580485336,-1279.2492346229676
8799.395671230968,5377.9180841618,-2036.4424022755345
932.739442062732,715.5957580485336,-1279.2492346229676
-5221.742908643275,7522.761162640903,-4840.680306794453
932.739442062732,715.5957580485336,-1279.2492346229676
932.739442062732,715.5957580485336,-1279.2492346229676
932.739442062732,715.5957580485336,-1279.2492346229676
197.60696746562633,9003.548050406609,5015.355281644259
932.739442062732,715.5957580485336,-1279.2492346229676
410.06740653854877,-1826.3112121746512,-9713.326705087833
932.739442062732,715.5957580485336,-1279.2492346229676
8513.872597262227,-213.68153043388568,1475.9639362850548
932.739442062732,715.5957580485336,-1279.2492346229676
932.739442062732,715.5957580485336,-1279.2492346229676
932.739442062732,715.5957580485336,-1279.2492346229676
4623.247340662491,-2190.318140750317,-8978.401667569608
932.739442062732,715.5957580485336,-1279.2492346229676
4891.868044503382,7486.783555860816,-2609.5202043295467
932.739442062732,715.5957580485336,-1279.2492346229676
932.739442062732,715.5957580485336,-1279.2492346229676

925.3116073048784,724.7318067469491,-1279.5002921750997
-3453.526925504444,7519.227966053331,-4918.222497164245
925.3116073048784,724.7318067469491,-1279.5002921750997
925.3116073048784,724.7318067469491,-1279.5002921750997
925.3116073048784,724.7318067469491,-1279.5002921750997
7325.454300057728,6833.217340540985,-3096.5315443361746
925.3116073048784,724.7318067469491,-1279.5002921750997
-5574.771744624458,5726.13004989793,-6360.126270664992
925.3116073048784,724.7318067469491,-1279.5002921750997
925.3116073048784,724.7318067469491,-1279.5002921750997
925.3116073048784,724.7318067469491,-1279.5002921750997
-1121.6175042322682,9847.378036437423,3242.9214269949393
925.3116073048784,724.7318067469491,-1279.5002921750997
2830.8877734899224,-1839.4852929430754,-9029.247719311468
925.3116073048784,724.7318067469491,-1279.5002921750997
7564.987033967801,326.1214895597177,4091.0577462298374
925.3116073048784,724.7318067469491,-1279.5002921750997
925.3116073048784,724.7318067469491,-1279.5002921750997
925.3116073048784,724.7318067469491,-1279.5002921750997
5392.929146433808,43.74162053807918,-8644.663479850195
925.3116073048784,724.7318067469491,-1279.5002921750997
3781.6376485263054,8233.384626621675,-297.01719426597657
925.3116073048784,724.7318067469491,-1279.5002921750997
925.3116073048784,724.7318067469491,-1279.5002921750997

