4,4
0.2,8700.0,60.0,-170.0,40.0,
0.2,8700.0,60.0,-85.0,40.0,
0.2,8700.0,60.0,0.0,40.0,
0.2,8700.0,60.0,85.0,40.0,
10873.2353338749362592,0.3711771512561572,58.841333748044,181.4510816018558,48.04081584023967,319.2621212123111,
10874.5684119691304659,0.3713214013535771,58.83789856427158,181.5245690344749,47.99606941604028,93.28661737071695,
10878.1352038899567560,0.3693630702454065,58.7444837720748,181.5404164945623,48.11985967697482,181.5377776309157,
10872.3654813811663189,0.3699950429963793,58.6994135608612,181.3865572756737,48.1598181053353,235.2868821147547,
10877.7075503619271331,0.3278541174738747,58.27640380870896,264.9609120268509,41.84106308670225,279.2965385537183,
10886.1324125571718469,0.3310001256869382,58.16281209694086,264.8487950708263,41.62085712491335,349.4962922621598,
10880.3768728921586444,0.3285424732806562,58.31988785284901,264.9949139264028,41.94377840887334,168.1494304622374,
10852.3815880663787539,0.3266577519873459,58.30856458408199,265.0352885797089,42.22800237504213,202.3744660346825,
10871.7119387666116381,0.3466453614839378,57.78380899222451,349.5278506390521,49.32159259413758,304.0198575607845,
10877.6951337937625794,0.3453638111331711,57.77813698390811,349.6832816804574,49.29123351471065,90.42321220199246,
10870.0069819177479076,0.3430811258463886,57.78676930975798,349.7334090342973,49.21145144413114,180.1378164226373,
10882.5716510344827839,0.3449710215025658,57.66247638620867,349.5315405764945,49.28382877455269,235.4386132111642,
10867.4538973240833002,0.3121970527691124,59.9190371421746,74.89814366043943,48.09368086055877,282.0240358855222,
10906.5944055367399415,0.3178395460136345,59.81631902567381,74.76193484315013,48.15781933498577,308.3397264794802,
10869.5597375211509643,0.3161465820790992,59.90747911551249,74.86935780341685,48.43793366045204,172.6427094236324,
10888.0077461577748181,0.3115205672535571,59.90366329429976,74.93132489370223,48.41385329912682,189.1242045238042,
1027.2046867054094,580.6699715540859,-1275.2378898644045
1027.2046867054094,580.6699715540859,-1275.2378898644045
12061.501182884072,401.72717379473033,1488.4370730452604
1027.2046867054094,580.6699715540859,-1275.2378898644045
536.1772010365598,9913.659343332107,-7020.577815304598
1027.2046867054094,580.6699715540859,-1275.2378898644045
1027.2046867054094,580.6699715540859,-1275.2378898644045
1027.2046867054094,580.6699715540859,-1275.2378898644045
1027.2046867054094,580.6699715540859,-1275.2378898644045
-4398.632792148094,11994.711622279025,-2661.094259548909
1027.2046867054094,580.6699715540859,-1275.2378898644045
1027.2046867054094,580.6699715540859,-1275.2378898644045
1027.2046867054094,580.6699715540859,-1275.2378898644045
1027.2046867054094,580.6699715540859,-1275.2378898644045
-1123.4573245505458,-1130.8223416101048,-12054.697213075235
1027.2046867054094,580.6699715540859,-1275.2378898644045
9093.691035011796,-577.7021730955888,-793.3086254524698
1027.2046867054094,580.6699715540859,-1275.2378898644045
1027.2046867054094,580.6699715540859,-1275.2378898644045
1027.2046867054094,580.6699715540859,-1275.2378898644045
2950.657548687222,-6580.672324810749,-10876.160709728652
1027.2046867054094,580.6699715540859,-1275.2378898644045
5034.557172933165,8365.821594078516,-3695.9252060230815

1021.0656998825555,590.7154015749067,-1275.554354336006
1021.0656998825555,590.7154015749067,-1275.554354336006
12291.28682753319,2122.985954579298,289.0622913093889
1021.0656998825555,590.7154015749067,-1275.554354336006
-1577.223966106398,9381.454103637896,-6949.930625624739
1021.0656998825555,590.7154015749067,-1275.554354336006
1021.0656998825555,590.7154015749067,-1275.554354336006
1021.0656998825555,590.7154015749067,-1275.554354336006
1021.0656998825555,590.7154015749067,-1275.554354336006
-5011.253055554827,11191.967227889309,-4355.189481912428
1021.0656998825555,590.7154015749067,-1275.554354336006
1021.0656998825555,590.7154015749067,-1275.554354336006
1021.0656998825555,590.7154015749067,-1275.554354336006
1021.0656998825555,590.7154015749067,-1275.554354336006
1022.280399401559,-1211.618588516187,-11674.446708940259
1021.0656998825555,590.7154015749067,-1275.554354336006
8619.642318870623,-273.65701401465066,2021.2386488235188
1021.0656998825555,590.7154015749067,-1275.554354336006
1021.0656998825555,590.7154015749067,-1275.554354336006
1021.0656998825555,590.7154015749067,-1275.554354336006
3856.179590828669,-4913.64602519753,-11416.361218652017
1021.0656998825555,590.7154015749067,-1275.554354336006
4099.530243623488,8962.11474135373,-1379.2973838502471

1014.8307084963903,600.7016877332796,-1275.8663235022332
1014.8307084963903,600.7016877332796,-1275.8663235022332
12118.56767104505,3774.551512725061,-920.6380817241867
1014.8307084963903,600.7016877332796,-1275.8663235022332
-3628.4259662897016,8485.79576110669,-6608.332497836007
1014.8307084963903,600.7016877332796,-1275.8663235022332
1014.8307084963903,600.7016877332796,-1275.8663235022332
1014.8307084963903,600.7016877332796,-1275.8663235022332
1014.8307084963903,600.7016877332796,-1275.8663235022332
-5480.042818837557,10067.902567604033,-5922.104421619267
1014.8307084963903,600.7016877332796,-1275.8663235022332
1014.8307084963903,600.7016877332796,-1275.8663235022332
1014.8307084963903,600.7016877332796,-1275.8663235022332
1014.8307084963903,600.7016877332796,-1275.8663235022332
3127.5387429259868,-1246.6670157788512,-10841.183430700308
1014.8307084963903,600.7016877332796,-1275.8663235022332
7366.6278111839165,54.161347142940386,4649.3876339676435
1014.8307084963903,600.7016877332796,-1275.8663235022332
1014.8307084963903,600.7016877332796,-1275.8663235022332
1014.8307084963903,600.7016877332796,-1275.8663235022332
4651.359902079754,-3107.0494521863625,-11627.920998917638
1014.8307084963903,600.7016877332796,-1275.8663235022332
2901.896864216345,8982.557817399414,1022.9982543592597

1008.5002848572003,610.6279129228458,-1276.1737684980192
1008.5002848572003,610.6279129228458,-1276.1737684980192
11571.672952992087,5309.350406554666,-2102.519982839022
1008.5002848572003,610.6279129228458,-1276.1737684980192
-5520.735358092577,7223.231112959761,-5979.085071695749
1008.5002848572003,610.6279129228458,-1276.1737684980192
1008.5002848572003,610.6279129228458,-1276.1737684980192
1008.5002848572003,610.6279129228458,-1276.1737684980192
967.1401931446547,9436.141859076286,7059.141651258704
1008.5002848572003,610.6279129228458,-1276.1737684980192
-5787.168026783177,8647.25165346909,-7312.1743819113835
1008.5002848572003,610.6279129228458,-1276.1737684980192
1008.5002848572003,610.6279129228458,-1276.1737684980192
1008.5002848572003,610.6279129228458,-1276.1737684980192
1008.5002848572003,610.6279129228458,-1276.1737684980192
5095.866235174268,-1229.0426688158727,-9538.400776750756
1008.5002848572003,610.6279129228458,-1276.1737684980192
1008.5002848572003,610.6279129228458,-1276.1737684980192
1008.5002848572003,610.6279129228458,-1276.1737684980192
1008.5002848572003,610.6279129228458,-1276.1737684980192
5309.630186520649,-1210.7230528331404,-11495.981610535018
1008.5002848572003,610.6279129228458,-1276.1737684980192
1491.2863164021646,8341.36665682303,3346.582096419931

1002.075010040451,620.4931655505611,-1276.4766608745633
1002.075010040451,620.4931655505611,-1276.4766608745633
10681.926936984952,6686.639276883508,-3222.4905083280396
1002.075010040451,620.4931655505611,-1276.4766608745633
1002.075010040451,620.4931655505611,-1276.4766608745633
1002.075010040451,620.4931655505611,-1276.4766608745633
1002.075010040451,620.4931655505611,-1276.4766608745633
-49.276197673984726,10792.30126682285,5692.939127733967
1002.075010040451,620.4931655505611,-1276.4766608745633
-5915.782858728971,6960.6608530687745,-8474.738202188284
1002.075010040451,620.4931655505611,-1276.4766608745633
1002.075010040451,620.4931655505611,-1276.4766608745633
1002.075010040451,620.4931655505611,-1276.4766608745633
1002.075010040451,620.4931655505611,-1276.4766608745633
6811.853828526646,-1152.4659073651637,-7768.029794182552
1002.075010040451,620.4931655505611,-1276.4766608745633
1002.075010040451,620.4931655505611,-1276.4766608745633
1002.075010040451,620.4931655505611,-1276.4766608745633
1002.075010040451,620.4931655505611,-1276.4766608745633
5804.4687162345335,720.7674781932644,-11009.524792467497
1002.075010040451,620.4931655505611,-1276.4766608745633

995.555473834318,630.296539619148,-1276.7749726019283
10570.470900257063,-2683.8213205281386,3462.8436458141405
995.555473834318,630.296539619148,-1276.7749726019283
9483.122459547172,7870.334257589305,-4249.40235488444
995.555473834318,630.296539619148,-1276.7749726019283
995.555473834318,630.296539619148,-1276.7749726019283
995.555473834318,630.296539619148,-1276.7749726019283
995.555473834318,630.296539619148,-1276.7749726019283
-1065.8887380042631,11773.401514368883,4127.878149041201
995.555473834318,630.296539619148,-1276.7749726019283
-5850.217535853842,5046.651116227733,-9357.463951946884
995.555473834318,630.296539619148,-1276.7749726019283
995.555473834318,630.296539619148,-1276.7749726019283
995.555473834318,630.296539619148,-1276.7749726019283
995.555473834318,630.296539619148,-1276.7749726019283
8141.803515455121,-1012.4738847194419,-5562.284301184757
995.555473834318,630.296539619148,-1276.7749726019283
995.555473834318,630.296539619148,-1276.7749726019283
995.555473834318,630.296539619148,-1276.7749726019283
995.555473834318,630.296539619148,-1276.7749726019283
6109.24988303213,2626.3858832636633,-10162.401276544482
995.555473834318,630.296539619148,-1276.7749726019283

988.9422746852302,640.0371348109314,-1277.0686760716578
11576.638904925376,-987.5921009601325,2389.7780525994845
988.9422746852302,640.0371348109314,-1277.0686760716578
8011.685845473177,8827.73592475985,-5154.128373072522
988.9422746852302,640.0371348109314,-1277.0686760716578
988.9422746852302,640.0371348109314,-1277.0686760716578
988.9422746852302,640.0371348109314,-1277.0686760716578
988.9422746852302,640.0371348109314,-1277.0686760716578
-2049.8115430671155,12375.583530930422,2429.764068198183
988.9422746852302,640.0371348109314,-1277.0686760716578
-5576.625997966047,2954.447463443957,-9906.157687479645
988.9422746852302,640.0371348109314,-1277.0686760716578
988.9422746852302,640.0371348109314,-1277.0686760716578
988.9422746852302,640.0371348109314,-1277.0686760716578
988.9422746852302,640.0371348109314,-1277.0686760716578
8941.186886349862,-808.328346164485,-2999.1164067537343
988.9422746852302,640.0371348109314,-1277.0686760716578
988.9422746852302,640.0371348109314,-1277.0686760716578
988.9422746852302,640.0371348109314,-1277.0686760716578
988.9422746852302,640.0371348109314,-1277.0686760716578
6197.469626654608,4436.611201160652,-8955.312934852374
988.9422746852302,640.0371348109314,-1277.0686760716578

982.23601964193,649.714056572055,-1277.3577440993824
12142.577365367462,746.2834354813302,1224.2950275963601
982.23601964193,649.714056572055,-1277.3577440993824
6307.381734334818,9528.633462465341,-5908.828203711689
982.23601964193,649.714056572055,-1277.3577440993824
982.23601964193,649.714056572055,-1277.3577440993824
982.23601964193,649.714056572055,-1277.3577440993824
982.23601964193,649.714056572055,-1277.3577440993824
-2972.961823467246,12602.716742001108,658.4726038299757
982.23601964193,649.714056572055,-1277.3577440993824
-5084.350110906458,747.8228439003979,-10065.503224284435
982.23601964193,649.714056572055,-1277.3577440993824
982.23601964193,649.714056572055,-1277.3577440993824
982.23601964193,649.714056572055,-1277.3577440993824
982.23601964193,649.714056572055,-1277.3577440993824
9074.000554966844,-545.5832375491824,-217.44210582694802
982.23601964193,649.714056572055,-1277.3577440993824
982.23601964193,649.714056572055,-1277.3577440993824
982.23601964193,649.714056572055,-1277.3577440993824
982.23601964193,649.714056572055,-1277.3577440993824
6043.616747452192,6071.3330038612985,-7399.147527361458
982.23601964193,649.714056572055,-1277.3577440993824

975.4373243019086,659.3264161915719,-1277.6421499272446
12286.444872916367,2454.004144700155,15.07366927322978
975.4373243019086,659.3264161915719,-1277.6421499272446
4414.4990072692,9944.799233243704,-6486.42500383208
975.4373243019086,659.3264161915719,-1277.6421499272446
975.4373243019086,659.3264161915719,-1277.6421499272446
975.4373243019086,659.3264161915719,-1277.6421499272446
1234.3742680780438,8985.138416533151,7361.865771437107
975.4373243019086,659.3264161915719,-1277.6421499272446
-3810.933966903374,12464.156503258437,-1130.9271219837767
975.4373243019086,659.3264161915719,-1277.6421499272446
975.4373243019086,659.3264161915719,-1277.6421499272446
975.4373243019086,659.3264161915719,-1277.6421499272446
975.4373243019086,659.3264161915719,-1277.6421499272446
-5008.517746490499,-856.2263345116694,-11600.135216368693
975.4373243019086,659.3264161915719,-1277.6421499272446
8446.883763244059,-238.52207105645712,2577.793064838099
975.4373243019086,659.3264161915719,-1277.6421499272446
975.4373243019086,659.3264161915719,-1277.6421499272446
975.4373243019086,659.3264161915719,-1277.6421499272446
975.4373243019086,659.3264161915719,-1277.6421499272446
5625.15085157335,7438.155763163252,-5520.197991482602
975.4373243019086,659.3264161915719,-1277.6421499272446

968.5468127532727,668.873330885544,-1277.9218672264574
12033.108541661411,4082.0142210888293,-1195.5218276407377
968.5468127532727,668.873330885544,-1277.9218672264574
2383.5186071438493,10049.939619634315,-6860.340771486556
968.5468127532727,668.873330885544,-1277.9218672264574
968.5468127532727,668.873330885544,-1277.9218672264574
968.5468127532727,668.873330885544,-1277.9218672264574
220.81209116607428,10438.662471449417,6054.591791126911
968.5468127532727,668.873330885544,-1277.9218672264574
-4542.069793630117,11973.470869838453,-2886.933849768488
968.5468127532727,668.873330885544,-1277.9218672264574
968.5468127532727,668.873330885544,-1277.9218672264574
968.5468127532727,668.873330885544,-1277.9218672264574
968.5468127532727,668.873330885544,-1277.9218672264574
-2983.088009679216,-1005.7367592606005,-11988.228974455444
968.5468127532727,668.873330885544,-1277.9218672264574
968.5468127532727,668.873330885544,-1277.9218672264574
968.5468127532727,668.873330885544,-1277.9218672264574
968.5468127532727,668.873330885544,-1277.9218672264574
3127.418815170066,-6390.741369800065,-11009.653734851774
968.5468127532727,668.873330885544,-1277.9218672264574
4926.29742396478,8432.272983087103,-3367.7882741474414
968.5468127532727,668.873330885544,-1277.9218672264574

961.5651175176902,678.3539238778194,-1278.196870099734
11411.541388489299,5584.671937515408,-2370.162315635402
961.5651175176902,678.3539238778194,-1278.196870099734
273.28992114320397,9820.252094389669,-7004.595452058641
961.5651175176902,678.3539238778194,-1278.196870099734
961.5651175176902,678.3539238778194,-1278.196870099734
10840.525137397484,-2281.827977784123,3209.2264582646108
961.5651175176902,678.3539238778194,-1278.196870099734
-802.7797697551141,11517.326153224607,4528.628573882463
961.5651175176902,678.3539238778194,-1278.196870099734
-5146.724951284062,11147.897471550003,-4560.388790403783
961.5651175176902,678.3539238778194,-1278.196870099734
961.5651175176902,678.3539238778194,-1278.196870099734
961.5651175176902,678.3539238778194,-1278.196870099734
961.5651175176902,678.3539238778194,-1278.196870099734
-858.1885979861705,-1122.5377188337716,-11975.990098628607
961.5651175176902,678.3539238778194,-1278.196870099734
961.5651175176902,678.3539238778194,-1278.196870099734
961.5651175176902,678.3539238778194,-1278.196870099734
961.5651175176902,678.3539238778194,-1278.196870099734
4027.2604753710953,-4715.502143229404,-11516.00718988983
961.5651175176902,678.3539238778194,-1278.196870099734
3944.555461490105,8940.234082684616,-1024.304852341839
961.5651175176902,678.3539238778194,-1278.196870099734

954.4928794932499,687.7673244793897,-1278.4671330836577
10453.552382495653,6922.26540582416,-3475.3257928186918
954.4928794932499,687.7673244793897,-1278.4671330836577
-1846.2845544993938,9235.860798223925,-6894.466927545207
954.4928794932499,687.7673244793897,-1278.4671330836577
954.4928794932499,687.7673244793897,-1278.4671330836577
11742.827974327512,-568.5294581187698,2107.5619741406267
954.4928794932499,687.7673244793897,-1278.4671330836577
-1801.5904852774108,12214.403444556068,2852.2074956015836
954.4928794932499,687.7673244793897,-1278.4671330836577
-5606.723195805049,10008.39815770369,-6103.317128030323
954.4928794932499,687.7673244793897,-1278.4671330836577
954.4928794932499,687.7673244793897,-1278.4671330836577
954.4928794932499,687.7673244793897,-1278.4671330836577
954.4928794932499,687.7673244793897,-1278.4671330836577
1297.410636470557,-1199.7228680487735,-11529.890337792616
954.4928794932499,687.7673244793897,-1278.4671330836577
954.4928794932499,687.7673244793897,-1278.4671330836577
954.4928794932499,687.7673244793897,-1278.4671330836577
954.4928794932499,687.7673244793897,-1278.4671330836577
4813.793020250155,-2908.3489132121686,-11695.78967837717
954.4928794932499,687.7673244793897,-1278.4671330836577
2700.4958821000364,8851.448260733998,1384.1629145268319
954.4928794932499,687.7673244793897,-1278.4671330836577

947.3307478945616,697.1126681698953,-1278.732631151086
9193.422930017998,8059.427571073869,-4480.222539817168
947.3307478945616,697.1126681698953,-1278.732631151086
-3891.1884494858937,8283.569320645422,-6508.047846731759
947.3307478945616,697.1126681698953,-1278.732631151086
947.3307478945616,697.1126681698953,-1278.732631151086
12207.723425052724,1165.8904809228152,925.8725729186145
947.3307478945616,697.1126681698953,-1278.732631151086
-2745.974903540551,12531.905622474387,1087.4136506024329
947.3307478945616,697.1126681698953,-1278.732631151086
-5905.001742013822,8580.265270763915,-7467.867171743664
947.3307478945616,697.1126681698953,-1278.732631151086
947.3307478945616,697.1126681698953,-1278.732631151086
947.3307478945616,697.1126681698953,-1278.732631151086
947.3307478945616,697.1126681698953,-1278.732631151086
3400.325050708459,-1230.1252819445258,-10622.834622285485
947.3307478945616,697.1126681698953,-1278.732631151086
947.3307478945616,697.1126681698953,-1278.732631151086
947.3307478945616,697.1126681698953,-1278.732631151086
947.3307478945616,697.1126681698953,-1278.732631151086
5461.249882132983,-1018.7228608706183,-11535.92470466818
947.3307478945616,697.1126681698953,-1278.732631151086
1249.6457550162004,8081.796254657905,3682.319041480916
947.3307478945616,697.1126681698953,-1278.732631151086

940.0793801947735,706.3890966750046,-1278.9933397134182
7668.197720103548,8963.939533659142,-5355.903526707098
940.0793801947735,706.3890966750046,-1278.9933397134182
-5760.331701769389,6961.55762453269,-5829.220482139258
940.0793801947735,706.3890966750046,-1278.9933397134182
940.0793801947735,706.3890966750046,-1278.9933397134182
12255.653787958854,2860.1367612679337,-288.61180679009783
940.0793801947735,706.3890966750046,-1278.9933397134182
-3610.2848870698067,12477.998809403472,-708.7858308663237
940.0793801947735,706.3890966750046,-1278.9933397134182
-6025.4770878841155,6894.307357854433,-8605.391775690005
940.0793801947735,706.3890966750046,-1278.9933397134182
940.0793801947735,706.3890966750046,-1278.9933397134182
1584.6381584298433,8441.773986778851,7781.981602256047
940.0793801947735,706.3890966750046,-1278.9933397134182
940.0793801947735,706.3890966750046,-1278.9933397134182
5349.311453259472,-1206.642257893778,-9239.62638603635
940.0793801947735,706.3890966750046,-1278.9933397134182
940.0793801947735,706.3890966750046,-1278.9933397134182
940.0793801947735,706.3890966750046,-1278.9933397134182
940.0793801947735,706.3890966750046,-1278.9933397134182
5944.054218423624,899.6025462383642,-11027.168649835665
940.0793801947735,706.3890966750046,-1278.9933397134182
940.0793801947735,706.3890966750046,-1278.9933397134182

932.739442062732,715.5957580485336,-1279.2492346229676
5918.502763184491,9605.910589193643,-6074.563590795178
932.739442062732,715.5957580485336,-1279.2492346229676
932.739442062732,715.5957580485336,-1279.2492346229676
932.739442062732,715.5957580485336,-1279.2492346229676
11912.996918670868,4462.719264163687,-1494.7749051111418
932.739442062732,715.5957580485336,-1279.2492346229676
-4371.887898850826,12065.484216979108,-2483.329583350667
932.739442062732,715.5957580485336,-1279.2492346229676
-5953.203471897979,4988.706999636793,-9465.768925333692
932.739442062732,715.5957580485336,-1279.2492346229676
932.739442062732,715.5957580485336,-1279.2492346229676
584.4252175233337,10011.117861945257,6570.133971482381
932.739442062732,715.5957580485336,-1279.2492346229676
932.739442062732,715.5957580485336,-1279.2492346229676
7023.236945737867,-1122.959134608964,-7385.8934579748475
932.739442062732,715.5957580485336,-1279.2492346229676
932.739442062732,715.5957580485336,-1279.2492346229676
932.739442062732,715.5957580485336,-1279.2492346229676
2893.19633218033,-6707.327974229751,-10791.409669659544
932.739442062732,715.5957580485336,-1279.2492346229676
6236.68144349509,2786.891961813774,-10165.078301777978
932.739442062732,715.5957580485336,-1279.2492346229676
932.739442062732,715.5957580485336,-1279.2492346229676

925.3116073048784,724.7318067469491,-1279.5002921750997
3989.849008637055,9957.357320709525,-6609.062942269506
925.3116073048784,724.7318067469491,-1279.5002921750997
925.3116073048784,724.7318067469491,-1279.5002921750997
925.3116073048784,724.7318067469491,-1279.5002921750997
11209.790343939587,5929.664171844285,-2656.3152207777084
925.3116073048784,724.7318067469491,-1279.5002921750997
-5010.3842842825725,11311.072846005889,-4185.833755626809
925.3116073048784,724.7318067469491,-1279.5002921750997
-5674.962265319968,2911.6934811361834,-9997.165899602232
925.3116073048784,724.7318067469491,-1279.5002921750997
925.3116073048784,724.7318067469491,-1279.5002921750997
-439.47983828001395,11213.65140939392,5116.006969381852
925.3116073048784,724.7318067469491,-1279.5002921750997
-4658.406662600131,-838.478710082246,-11708.92800013733
925.3116073048784,724.7318067469491,-1279.5002921750997
8282.82080852856,-974.8909393798583,-5101.219868284212
925.3116073048784,724.7318067469491,-1279.5002921750997
925.3116073048784,724.7318067469491,-1279.5002921750997
925.3116073048784,724.7318067469491,-1279.5002921750997
3819.831366279346,-5058.784105341535,-11367.996887539442
925.3116073048784,724.7318067469491,-1279.5002921750997
6313.880064771344,4575.586150687075,-8951.86189008341
925.3116073048784,724.7318067469491,-1279.5002921750997
925.3116073048784,724.7318067469491,-1279.5002921750997

