4,4
0.2,8600.0,55.0,-170.0,30.0,
0.2,8600.0,55.0,-85.0,30.0,
0.2,8600.0,55.0,0.0,30.0,
0.2,8600.0,55.0,85.0,30.0,
10746.2830907104125799,0.3433324815770833,53.88291444015532,180.6766532939886,46.43240579012445,174.6424894911796,
10760.5441537546757900,0.3421880966871805,53.7287963401054,180.5039925610551,46.49379988989234,216.7509479814554,
10760.4677052249498956,0.3475835776335044,53.88584482559241,180.4112654713853,47.14311315092581,22.06528069486222,
10731.2017754732805770,0.3462522165511915,53.96619980843946,180.6722464988662,46.73327353576306,138.9391439634017,
10774.2386110803272459,0.2999681840869833,53.2410980505528,264.0831734731094,40.49793890278528,163.0320865371415,
10787.6547547537466016,0.3078800959711537,53.12521176887245,263.9503797156078,40.85765776738896,173.6247403389742,
10703.1070596750832919,0.3063945934102228,53.25818203549596,264.1014248921784,38.77451536316358,20.86364341745976,
10752.3706311664827808,0.2973440110962030,53.26316539042771,264.1560880427068,38.71413100910762,67.60279637796543,
10735.7490620663575100,0.3255265407500496,52.93509613297338,349.2255488706402,47.56943331848471,167.7528981833606,
10763.2394682825561176,0.3192554464071719,52.76666117716277,349.132922074797,47.44339055147412,221.9143098962588,
10760.1323039577291638,0.3222550106496511,52.88505856300011,348.9904532355762,48.50936088066577,3.432850525936909,
10722.1942726022116403,0.3263583108511913,52.96620338277627,349.1973467110146,48.01878956938837,136.6441086211772,
10780.6727233436522511,0.2799966451579408,55.03861942512274,74.29581647297043,46.00165329577149,161.4766268002339,
10815.7674232524550462,0.2862762458033968,54.94302985445875,74.15995825572696,46.61961008784586,164.3549292791089,
10700.2340289441308414,0.2903801919340654,55.04030417389869,74.24859984743865,44.48555396705974,19.23719674995553,
10752.8904728995166806,0.2822468542642801,55.06819990256616,74.33358878762459,43.96510155410504,40.5694096325168,
1027.2046867054094,580.6699715540859,-1275.2378898644045
1027.2046867054094,580.6699715540859,-1275.2378898644045
11681.419917682062,-1457.791214896153,2428.259702120987
1027.2046867054094,580.6699715540859,-1275.2378898644045
2473.9359606032494,10269.018719236232,-5736.206682747953
1027.2046867054094,580.6699715540859,-1275.2378898644045
1027.2046867054094,580.6699715540859,-1275.2378898644045
1027.2046867054094,580.6699715540859,-1275.2378898644045
1027.2046867054094,580.6699715540859,-1275.2378898644045
-3993.067312486651,12261.269593416377,-355.9233000434963
1027.2046867054094,580.6699715540859,-1275.2378898644045
1027.2046867054094,580.6699715540859,-1275.2378898644045
1027.2046867054094,580.6699715540859,-1275.2378898644045
1027.2046867054094,580.6699715540859,-1275.2378898644045
8696.46521506599,-910.178823338526,-2299.8338738235934
1027.2046867054094,580.6699715540859,-1275.2378898644045
-1503.5596742667572,5592.845770422817,6357.624123379935
1027.2046867054094,580.6699715540859,-1275.2378898644045
1027.2046867054094,580.6699715540859,-1275.2378898644045
1027.2046867054094,580.6699715540859,-1275.2378898644045

1021.0656998825555,590.7154015749067,-1275.554354336006
1021.0656998825555,590.7154015749067,-1275.554354336006
12248.801822124107,334.7503145909862,1444.5173699244788
1021.0656998825555,590.7154015749067,-1275.554354336006
298.0479754664166,10034.776661545153,-5888.971555039432
1021.0656998825555,590.7154015749067,-1275.554354336006
1021.0656998825555,590.7154015749067,-1275.554354336006
1021.0656998825555,590.7154015749067,-1275.554354336006
1021.0656998825555,590.7154015749067,-1275.554354336006
-4846.210516446783,11733.909985315462,-2067.492646985489
1021.0656998825555,590.7154015749067,-1275.554354336006
1021.0656998825555,590.7154015749067,-1275.554354336006
1021.0656998825555,590.7154015749067,-1275.554354336006
1021.0656998825555,590.7154015749067,-1275.554354336006
8727.411023782484,-378.36667810094673,537.843279004225
1021.0656998825555,590.7154015749067,-1275.554354336006
-3117.7786826649562,3337.0301829847403,7387.700727428306
1021.0656998825555,590.7154015749067,-1275.554354336006
1021.0656998825555,590.7154015749067,-1275.554354336006
1021.0656998825555,590.7154015749067,-1275.554354336006
5055.599410701507,8033.654413347645,-2549.5499924324295

1014.8307084963903,600.7016877332796,-1275.8663235022332
1014.8307084963903,600.7016877332796,-1275.8663235022332
12401.695990181783,2115.7176026409506,410.92019103004156
1014.8307084963903,600.7016877332796,-1275.8663235022332
-1888.9230869411192,9397.080653240992,-5803.394792719044
1014.8307084963903,600.7016877332796,-1275.8663235022332
1014.8307084963903,600.7016877332796,-1275.8663235022332
1014.8307084963903,600.7016877332796,-1275.8663235022332
1014.8307084963903,600.7016877332796,-1275.8663235022332
-5555.4879114039495,10857.888795463534,-3715.6949186859265
1014.8307084963903,600.7016877332796,-1275.8663235022332
1014.8307084963903,600.7016877332796,-1275.8663235022332
1014.8307084963903,600.7016877332796,-1275.8663235022332
1014.8307084963903,600.7016877332796,-1275.8663235022332
7940.6450880643615,187.47995333626307,3321.3228428450543
1014.8307084963903,600.7016877332796,-1275.8663235022332
-4435.173163927508,760.5988361220011,7710.766967630202
1014.8307084963903,600.7016877332796,-1275.8663235022332
1014.8307084963903,600.7016877332796,-1275.8663235022332
1014.8307084963903,600.7016877332796,-1275.8663235022332
3827.076348574258,8550.703694082933,-198.75639497473136

1008.5002848572003,610.6279129228458,-1276.1737684980192
1008.5002848572003,610.6279129228458,-1276.1737684980192
12159.112350602465,3828.8656114983633,-636.48782403557
1008.5002848572003,610.6279129228458,-1276.1737684980192
-3989.1948716989837,8336.657700402584,-5454.953843364384
1008.5002848572003,610.6279129228458,-1276.1737684980192
1008.5002848572003,610.6279129228458,-1276.1737684980192
1008.5002848572003,610.6279129228458,-1276.1737684980192
2207.318234204489,8243.2212656173,8013.474010662392
1008.5002848572003,610.6279129228458,-1276.1737684980192
-6095.080512383863,9650.608777115032,-5248.254236241358
1008.5002848572003,610.6279129228458,-1276.1737684980192
1008.5002848572003,610.6279129228458,-1276.1737684980192
1008.5002848572003,610.6279129228458,-1276.1737684980192
1008.5002848572003,610.6279129228458,-1276.1737684980192
6373.331171040045,734.2982953702793,5776.940948091833
1008.5002848572003,610.6279129228458,-1276.1737684980192
1008.5002848572003,610.6279129228458,-1276.1737684980192
1008.5002848572003,610.6279129228458,-1276.1737684980192
1008.5002848572003,610.6279129228458,-1276.1737684980192
2306.2874661832193,8411.535543624914,2163.8024349626503

1002.075010040451,620.4931655505611,-1276.4766608745633
1002.075010040451,620.4931655505611,-1276.4766608745633
11544.435673097769,5424.478954619716,-1664.885302836148
1002.075010040451,620.4931655505611,-1276.4766608745633
-5882.73644537753,6850.4392347243875,-4825.882287258361
1002.075010040451,620.4931655505611,-1276.4766608745633
1002.075010040451,620.4931655505611,-1276.4766608745633
1002.075010040451,620.4931655505611,-1276.4766608745633
1100.1826109779272,9809.02826112604,6965.801702996287
1002.075010040451,620.4931655505611,-1276.4766608745633
-6439.7706164653655,8135.612228429774,-6610.850284467739
1002.075010040451,620.4931655505611,-1276.4766608745633
1002.075010040451,620.4931655505611,-1276.4766608745633
1002.075010040451,620.4931655505611,-1276.4766608745633
1002.075010040451,620.4931655505611,-1276.4766608745633
4182.863107608466,1209.8317918493296,7670.123501393973
1002.075010040451,620.4931655505611,-1276.4766608745633
1002.075010040451,620.4931655505611,-1276.4766608745633
1002.075010040451,620.4931655505611,-1276.4766608745633
1002.075010040451,620.4931655505611,-1276.4766608745633
586.9740397897439,7544.12304762563,4335.627766286144

995.555473834318,630.296539619148,-1276.7749726019283
995.555473834318,630.296539619148,-1276.7749726019283
10584.5457819783,6857.571505410988,-2643.741425788914
995.555473834318,630.296539619148,-1276.7749726019283
995.555473834318,630.296539619148,-1276.7749726019283
995.555473834318,630.296539619148,-1276.7749726019283
995.555473834318,630.296539619148,-1276.7749726019283
-48.56824679163047,11023.808513941894,5667.324350797323
995.555473834318,630.296539619148,-1276.7749726019283
-6564.971236975939,6344.576634440267,-7746.126450888639
995.555473834318,630.296539619148,-1276.7749726019283
995.555473834318,630.296539619148,-1276.7749726019283
995.555473834318,630.296539619148,-1276.7749726019283
995.555473834318,630.296539619148,-1276.7749726019283
1605.249393171169,1575.5004773118217,8862.181907628374
995.555473834318,630.296539619148,-1276.7749726019283
995.555473834318,630.296539619148,-1276.7749726019283
995.555473834318,630.296539619148,-1276.7749726019283
995.555473834318,630.296539619148,-1276.7749726019283
-1187.0927346004041,5964.8180935102055,6095.48955168741

988.9422746852302,640.0371348109314,-1277.0686760716578
11058.350294206204,-2655.7937335115316,3030.9726905907737
988.9422746852302,640.0371348109314,-1277.0686760716578
9309.75375449387,8086.422725210554,-3543.9716917257933
988.9422746852302,640.0371348109314,-1277.0686760716578
988.9422746852302,640.0371348109314,-1277.0686760716578
988.9422746852302,640.0371348109314,-1277.0686760716578
988.9422746852302,640.0371348109314,-1277.0686760716578
-1197.591525954963,11873.014388404397,4180.24116082445
988.9422746852302,640.0371348109314,-1277.0686760716578
-6447.267481854651,4320.332668808352,-8593.02810150154
988.9422746852302,640.0371348109314,-1277.0686760716578
988.9422746852302,640.0371348109314,-1277.0686760716578
988.9422746852302,640.0371348109314,-1277.0686760716578
988.9422746852302,640.0371348109314,-1277.0686760716578
-1109.9689782709215,1812.5476644658092,9324.383481349574
988.9422746852302,640.0371348109314,-1277.0686760716578
988.9422746852302,640.0371348109314,-1277.0686760716578
988.9422746852302,640.0371348109314,-1277.0686760716578
988.9422746852302,640.0371348109314,-1277.0686760716578
-2845.2013927530675,3801.107805328717,7256.796579027483

982.23601964193,649.714056572055,-1277.3577440993824
11915.111330793066,-895.6154278930462,2098.6704689238945
982.23601964193,649.714056572055,-1277.3577440993824
7754.393689187251,9071.459161201521,-4337.209513486369
982.23601964193,649.714056572055,-1277.3577440993824
982.23601964193,649.714056572055,-1277.3577440993824
982.23601964193,649.714056572055,-1277.3577440993824
982.23601964193,649.714056572055,-1277.3577440993824
-2310.748748646551,12351.067053269771,2562.518248989763
982.23601964193,649.714056572055,-1277.3577440993824
-6065.8045138901625,2121.1485023136406,-9086.905365599177
982.23601964193,649.714056572055,-1277.3577440993824
982.23601964193,649.714056572055,-1277.3577440993824
982.23601964193,649.714056572055,-1277.3577440993824
982.23601964193,649.714056572055,-1277.3577440993824
-3750.240561250294,1920.0582267977147,9112.813135646427
982.23601964193,649.714056572055,-1277.3577440993824
982.23601964193,649.714056572055,-1277.3577440993824
982.23601964193,649.714056572055,-1277.3577440993824
982.23601964193,649.714056572055,-1277.3577440993824
-4231.444455041883,1271.0523201006838,7720.68125260435

975.4373243019086,659.3264161915719,-1277.6421499272446
12348.149809779423,896.1966381008401,1090.4590017372868
975.4373243019086,659.3264161915719,-1277.6421499272446
5958.016216390082,9774.508415141061,-4995.218461630607
975.4373243019086,659.3264161915719,-1277.6421499272446
975.4373243019086,659.3264161915719,-1277.6421499272446
975.4373243019086,659.3264161915719,-1277.6421499272446
2399.2205638300534,7900.462155326222,8147.133629317152
975.4373243019086,659.3264161915719,-1277.6421499272446
-3355.915165587852,12458.893565992259,868.609261774342
975.4373243019086,659.3264161915719,-1277.6421499272446
975.4373243019086,659.3264161915719,-1277.6421499272446
975.4373243019086,659.3264161915719,-1277.6421499272446
975.4373243019086,659.3264161915719,-1277.6421499272446
975.4373243019086,659.3264161915719,-1277.6421499272446
-6160.265431901458,1908.8871672366904,8330.141568159896
975.4373243019086,659.3264161915719,-1277.6421499272446
975.4373243019086,659.3264161915719,-1277.6421499272446
975.4373243019086,659.3264161915719,-1277.6421499272446
975.4373243019086,659.3264161915719,-1277.6421499272446
-5241.714732532079,-1375.148902149259,7494.76913238101

968.5468127532727,668.873330885544,-1277.9218672264574
12372.446736266556,2657.8979730158844,45.17678621745412
968.5468127532727,668.873330885544,-1277.9218672264574
3967.206283317164,10158.511166555742,-5489.494348152485
968.5468127532727,668.873330885544,-1277.9218672264574
968.5468127532727,668.873330885544,-1277.9218672264574
968.5468127532727,668.873330885544,-1277.9218672264574
1300.6577509797673,9525.035628510599,7144.744400319018
968.5468127532727,668.873330885544,-1277.9218672264574
-4303.942292980816,12202.461472091012,-849.5633526337277
968.5468127532727,668.873330885544,-1277.9218672264574
968.5468127532727,668.873330885544,-1277.9218672264574
968.5468127532727,668.873330885544,-1277.9218672264574
968.5468127532727,668.873330885544,-1277.9218672264574
7557.469095473555,336.02477307659086,4149.448433824362
968.5468127532727,668.873330885544,-1277.9218672264574
-8239.5433505656,1795.7017693288335,7094.555229037111
968.5468127532727,668.873330885544,-1277.9218672264574
968.5468127532727,668.873330885544,-1277.9218672264574
968.5468127532727,668.873330885544,-1277.9218672264574
968.5468127532727,668.873330885544,-1277.9218672264574
-5835.4751147687375,-3915.0787018072174,6670.080451028115

961.5651175176902,678.3539238778194,-1278.196870099734
12008.543087596767,4335.653973008964,-1002.2333881636737
961.5651175176902,678.3539238778194,-1278.196870099734
1838.092166362904,10187.878771071186,-5791.160989362238
961.5651175176902,678.3539238778194,-1278.196870099734
961.5651175176902,678.3539238778194,-1278.196870099734
10220.19200954978,-3787.303454715683,3589.6647499222568
961.5651175176902,678.3539238778194,-1278.196870099734
151.94264293154797,10799.792965035258,5878.286799018546
961.5651175176902,678.3539238778194,-1278.196870099734
-5127.799437483182,11592.086015927085,-2541.5254863684895
961.5651175176902,678.3539238778194,-1278.196870099734
961.5651175176902,678.3539238778194,-1278.196870099734
961.5651175176902,678.3539238778194,-1278.196870099734
961.5651175176902,678.3539238778194,-1278.196870099734
5785.276563396178,866.9271332749631,6449.293739365191
961.5651175176902,678.3539238778194,-1278.196870099734
961.5651175176902,678.3539238778194,-1278.196870099734
961.5651175176902,678.3539238778194,-1278.196870099734
961.5651175176902,678.3539238778194,-1278.196870099734
4747.59515719179,8193.68470345703,-1879.0923510771854
961.5651175176902,678.3539238778194,-1278.196870099734
-6023.872950037525,-6185.90406805156,5379.419809879916

954.4928794932499,687.7673244793897,-1278.4671330836577
11280.94366063766,5881.531147621419,-2019.7574500917365
954.4928794932499,687.7673244793897,-1278.4671330836577
-360.39807487836475,9829.845037723084,-5871.36064473498
954.4928794932499,687.7673244793897,-1278.4671330836577
954.4928794932499,687.7673244793897,-1278.4671330836577
11371.104552113764,-2086.7658306918174,2731.5617617458415
954.4928794932499,687.7673244793897,-1278.4671330836577
-1003.9741615221204,11707.63823353415,4411.32458003651
954.4928794932499,687.7673244793897,-1278.4671330836577
-5801.8971672204725,10642.378623667277,-4157.1409159058785
954.4928794932499,687.7673244793897,-1278.4671330836577
954.4928794932499,687.7673244793897,-1278.4671330836577
954.4928794932499,687.7673244793897,-1278.4671330836577
954.4928794932499,687.7673244793897,-1278.4671330836577
3460.528543371189,1315.8313062234502,8136.983987303298
954.4928794932499,687.7673244793897,-1278.4671330836577
954.4928794932499,687.7673244793897,-1278.4671330836577
954.4928794932499,687.7673244793897,-1278.4671330836577
954.4928794932499,687.7673244793897,-1278.4671330836577
3419.1144203208783,8519.29973860167,496.61357005457955
954.4928794932499,687.7673244793897,-1278.4671330836577
-5849.253267238345,-8086.89949309472,3762.427519138117

947.3307478945616,697.1126681698953,-1278.732631151086
10217.52436142504,7251.801433049314,-2977.394001678356
947.3307478945616,697.1126681698953,-1278.732631151086
-2542.608459211294,9057.397073311367,-5702.497965160793
947.3307478945616,697.1126681698953,-1278.732631151086
947.3307478945616,697.1126681698953,-1278.732631151086
12091.792196364895,-307.26219169456766,1768.5211214387775
947.3307478945616,697.1126681698953,-1278.732631151086
-2129.5409113865744,12241.209776045485,2803.249300189344
947.3307478945616,697.1126681698953,-1278.732631151086
-6301.604320047382,9372.799368761065,-5645.511766548831
947.3307478945616,697.1126681698953,-1278.732631151086
947.3307478945616,697.1126681698953,-1278.732631151086
947.3307478945616,697.1126681698953,-1278.732631151086
947.3307478945616,697.1126681698953,-1278.732631151086
826.6377609972002,1649.8565653318717,9109.464600616291
947.3307478945616,697.1126681698953,-1278.732631151086
947.3307478945616,697.1126681698953,-1278.732631151086
947.3307478945616,697.1126681698953,-1278.732631151086
947.3307478945616,697.1126681698953,-1278.732631151086
1814.7023935315162,8153.393998474121,2828.108699664437
947.3307478945616,697.1126681698953,-1278.732631151086
-5367.727292482797,-9566.915594533913,1946.157173213384

940.0793801947735,706.3890966750046,-1278.9933397134182
8849.690907836219,8405.58308166219,-3846.33787910139
940.0793801947735,706.3890966750046,-1278.9933397134182
-4602.028559973005,7854.665074543506,-5260.923812606963
940.0793801947735,706.3890966750046,-1278.9933397134182
940.0793801947735,706.3890966750046,-1278.9933397134182
12392.178877337836,1482.55516819116,742.7679688388321
940.0793801947735,706.3890966750046,-1278.9933397134182
-3191.4081181358038,12400.204419054606,1109.899740475329
940.0793801947735,706.3890966750046,-1278.9933397134182
-6602.999484874911,7808.858449165362,-6953.934527513144
940.0793801947735,706.3890966750046,-1278.9933397134182
940.0793801947735,706.3890966750046,-1278.9933397134182
2686.941026111392,7478.231016163308,8403.03069174521
940.0793801947735,706.3890966750046,-1278.9933397134182
4016.6975500237954,-1997.7138844037972,-9493.782090261499
940.0793801947735,706.3890966750046,-1278.9933397134182
-1877.4960824035043,1855.5154964543237,9366.751630642419
940.0793801947735,706.3890966750046,-1278.9933397134182
940.0793801947735,706.3890966750046,-1278.9933397134182
940.0793801947735,706.3890966750046,-1278.9933397134182
940.0793801947735,706.3890966750046,-1278.9933397134182
45.51220510266579,7041.569341470864,4897.13199367007
940.0793801947735,706.3890966750046,-1278.9933397134182
-4638.283217085016,-10609.083121026846,38.1849763591988

932.739442062732,715.5957580485336,-1279.2492346229676
7213.168387162245,9303.827585388788,-4598.286271391729
932.739442062732,715.5957580485336,-1279.2492346229676
-6408.35996329256,6225.861115575237,-4531.890336310742
932.739442062732,715.5957580485336,-1279.2492346229676
932.739442062732,715.5957580485336,-1279.2492346229676
12289.65157109555,3223.5887232262453,-308.0808995612937
932.739442062732,715.5957580485336,-1279.2492346229676
-4159.369605204899,12189.75946676688,-615.5010315545258
932.739442062732,715.5957580485336,-1279.2492346229676
-6682.951411767478,5984.089239554136,-8027.005033236552
932.739442062732,715.5957580485336,-1279.2492346229676
932.739442062732,715.5957580485336,-1279.2492346229676
1612.0829436595448,9178.61615131455,7484.257259117193
932.739442062732,715.5957580485336,-1279.2492346229676
5941.045813857119,-1800.8933263728266,-7843.888686649531
932.739442062732,715.5957580485336,-1279.2492346229676
-4457.84845879941,1935.2354302980145,8980.909203477793
932.739442062732,715.5957580485336,-1279.2492346229676
932.739442062732,715.5957580485336,-1279.2492346229676
932.739442062732,715.5957580485336,-1279.2492346229676
932.739442062732,715.5957580485336,-1279.2492346229676
-1727.6424830059882,5232.028360328281,6478.027952272778
932.739442062732,715.5957580485336,-1279.2492346229676

925.3116073048784,724.7318067469491,-1279.5002921750997
5349.398177636404,9908.694319877892,-5204.896803869937
925.3116073048784,724.7318067469491,-1279.5002921750997
925.3116073048784,724.7318067469491,-1279.5002921750997
925.3116073048784,724.7318067469491,-1279.5002921750997
11806.505102503414,4864.106464664405,-1350.0707449064214
925.3116073048784,724.7318067469491,-1279.5002921750997
-5005.479825510853,11619.652165103058,-2321.2795326793525
925.3116073048784,724.7318067469491,-1279.5002921750997
-6519.711099539573,3942.9823378013903,-8806.077762483403
925.3116073048784,724.7318067469491,-1279.5002921750997
925.3116073048784,724.7318067469491,-1279.5002921750997
475.1200522794201,10539.728939441997,6286.988847164197
925.3116073048784,724.7318067469491,-1279.5002921750997
7487.408968884361,-1491.9503382163084,-5700.902184096982
925.3116073048784,724.7318067469491,-1279.5002921750997
-6777.146981196899,1901.274006766311,8059.745811799541
925.3116073048784,724.7318067469491,-1279.5002921750997
925.3116073048784,724.7318067469491,-1279.5002921750997
925.3116073048784,724.7318067469491,-1279.5002921750997
6857.557690124845,2894.133594731316,-8941.924420118738
925.3116073048784,724.7318067469491,-1279.5002921750997
-3325.908502401536,2890.308834850291,7399.265576722516
925.3116073048784,724.7318067469491,-1279.5002921750997

