4
4
0.2,7500,45,-170.0,30
0.2,7500,45,-85.0,30
0.2,7500,45,0.0,30
0.2,7500,45,85.0,30
4
4
0.2,7500,50,-170.0,30
0.2,7500,50,-85.0,30
0.2,7500,50,0.0,30
0.2,7500,50,85.0,30
4
4
0.2,7500,55,-170.0,30
0.2,7500,55,-85.0,30
0.2,7500,55,0.0,30
0.2,7500,55,85.0,30
4
4
0.2,7500,60,-170.0,30
0.2,7500,60,-85.0,30
0.2,7500,60,0.0,30
0.2,7500,60,85.0,30
4
4
0.3,7500,45,-170.0,30
0.3,7500,45,-85.0,30
0.3,7500,45,0.0,30
0.3,7500,45,85.0,30
4
4
0.3,7500,50,-170.0,30
0.3,7500,50,-85.0,30
0.3,7500,50,0.0,30
0.3,7500,50,85.0,30
4
4
0.3,7500,55,-170.0,30
0.3,7500,55,-85.0,30
0.3,7500,55,0.0,30
0.3,7500,55,85.0,30
4
4
0.3,7500,60,-170.0,30
0.3,7500,60,-85.0,30
0.3,7500,60,0.0,30
0.3,7500,60,85.0,30
4
4
0.4,7500,45,-170.0,30
0.4,7500,45,-85.0,30
0.4,7500,45,0.0,30
0.4,7500,45,85.0,30
4
4
0.4,7500,50,-170.0,30
0.4,7500,50,-85.0,30
0.4,7500,50,0.0,30
0.4,7500,50,85.0,30
4
4
0.4,7500,55,-170.0,30
0.4,7500,55,-85.0,30
0.4,7500,55,0.0,30
0.4,7500,55,85.0,30
4
4
0.4,7500,60,-170.0,30
0.4,7500,60,-85.0,30
0.4,7500,60,0.0,30
0.4,7500,60,85.0,30
4
4
0.2,7600,45,-170.0,30
0.2,7600,45,-85.0,30
0.2,7600,45,0.0,30
0.2,7600,45,85.0,30
4
4
0.2,7600,50,-170.0,30
0.2,7600,50,-85.0,30
0.2,7600,50,0.0,30
0.2,7600,50,85.0,30
4
4
0.2,7600,55,-170.0,30
0.2,7600,55,-85.0,30
0.2,7600,55,0.0,30
0.2,7600,55,85.0,30
4
4
0.2,7600,60,-170.0,30
0.2,7600,60,-85.0,30
0.2,7600,60,0.0,30
0.2,7600,60,85.0,30
4
4
0.3,7600,45,-170.0,30
0.3,7600,45,-85.0,30
0.3,7600,45,0.0,30
0.3,7600,45,85.0,30
4
4
0.3,7600,50,-170.0,30
0.3,7600,50,-85.0,30
0.3,7600,50,0.0,30
0.3,7600,50,85.0,30
4
4
0.3,7600,55,-170.0,30
0.3,7600,55,-85.0,30
0.3,7600,55,0.0,30
0.3,7600,55,85.0,30
4
4
0.3,7600,60,-170.0,30
0.3,7600,60,-85.0,30
0.3,7600,60,0.0,30
0.3,7600,60,85.0,30
4
4
0.4,7600,45,-170.0,30
0.4,7600,45,-85.0,30
0.4,7600,45,0.0,30
0.4,7600,45,85.0,30
4
4
0.4,7600,50,-170.0,30
0.4,7600,50,-85.0,30
0.4,7600,50,0.0,30
0.4,7600,50,85.0,30
4
4
0.4,7600,55,-170.0,30
0.4,7600,55,-85.0,30
0.4,7600,55,0.0,30
0.4,7600,55,85.0,30
4
4
0.4,7600,60,-170.0,30
0.4,7600,60,-85.0,30
0.4,7600,60,0.0,30
0.4,7600,60,85.0,30
4
4
0.2,7700,45,-170.0,30
0.2,7700,45,-85.0,30
0.2,7700,45,0.0,30
0.2,7700,45,85.0,30
4
4
0.2,7700,50,-170.0,30
0.2,7700,50,-85.0,30
0.2,7700,50,0.0,30
0.2,7700,50,85.0,30
4
4
0.2,7700,55,-170.0,30
0.2,7700,55,-85.0,30
0.2,7700,55,0.0,30
0.2,7700,55,85.0,30
4
4
0.2,7700,60,-170.0,30
0.2,7700,60,-85.0,30
0.2,7700,60,0.0,30
0.2,7700,60,85.0,30
4
4
0.3,7700,45,-170.0,30
0.3,7700,45,-85.0,30
0.3,7700,45,0.0,30
0.3,7700,45,85.0,30
4
4
0.3,7700,50,-170.0,30
0.3,7700,50,-85.0,30
0.3,7700,50,0.0,30
0.3,7700,50,85.0,30
4
4
0.3,7700,55,-170.0,30
0.3,7700,55,-85.0,30
0.3,7700,55,0.0,30
0.3,7700,55,85.0,30
4
4
0.3,7700,60,-170.0,30
0.3,7700,60,-85.0,30
0.3,7700,60,0.0,30
0.3,7700,60,85.0,30
4
4
0.4,7700,45,-170.0,30
0.4,7700,45,-85.0,30
0.4,7700,45,0.0,30
0.4,7700,45,85.0,30
4
4
0.4,7700,50,-170.0,30
0.4,7700,50,-85.0,30
0.4,7700,50,0.0,30
0.4,7700,50,85.0,30
4
4
0.4,7700,55,-170.0,30
0.4,7700,55,-85.0,30
0.4,7700,55,0.0,30
0.4,7700,55,85.0,30
4
4
0.4,7700,60,-170.0,30
0.4,7700,60,-85.0,30
0.4,7700,60,0.0,30
0.4,7700,60,85.0,30
4
4
0.2,7800,45,-170.0,30
0.2,7800,45,-85.0,30
0.2,7800,45,0.0,30
0.2,7800,45,85.0,30
4
4
0.2,7800,50,-170.0,30
0.2,7800,50,-85.0,30
0.2,7800,50,0.0,30
0.2,7800,50,85.0,30
4
4
0.2,7800,55,-170.0,30
0.2,7800,55,-85.0,30
0.2,7800,55,0.0,30
0.2,7800,55,85.0,30
4
4
0.2,7800,60,-170.0,30
0.2,7800,60,-85.0,30
0.2,7800,60,0.0,30
0.2,7800,60,85.0,30
4
4
0.3,7800,45,-170.0,30
0.3,7800,45,-85.0,30
0.3,7800,45,0.0,30
0.3,7800,45,85.0,30
4
4
0.3,7800,50,-170.0,30
0.3,7800,50,-85.0,30
0.3,7800,50,0.0,30
0.3,7800,50,85.0,30
4
4
0.3,7800,55,-170.0,30
0.3,7800,55,-85.0,30
0.3,7800,55,0.0,30
0.3,7800,55,85.0,30
4
4
0.3,7800,60,-170.0,30
0.3,7800,60,-85.0,30
0.3,7800,60,0.0,30
0.3,7800,60,85.0,30
4
4
0.4,7800,45,-170.0,30
0.4,7800,45,-85.0,30
0.4,7800,45,0.0,30
0.4,7800,45,85.0,30
4
4
0.4,7800,50,-170.0,30
0.4,7800,50,-85.0,30
0.4,7800,50,0.0,30
0.4,7800,50,85.0,30
4
4
0.4,7800,55,-170.0,30
0.4,7800,55,-85.0,30
0.4,7800,55,0.0,30
0.4,7800,55,85.0,30
4
4
0.4,7800,60,-170.0,30
0.4,7800,60,-85.0,30
0.4,7800,60,0.0,30
0.4,7800,60,85.0,30
4
4
0.2,7900,45,-170.0,30
0.2,7900,45,-85.0,30
0.2,7900,45,0.0,30
0.2,7900,45,85.0,30
4
4
0.2,7900,50,-170.0,30
0.2,7900,50,-85.0,30
0.2,7900,50,0.0,30
0.2,7900,50,85.0,30
4
4
0.2,7900,55,-170.0,30
0.2,7900,55,-85.0,30
0.2,7900,55,0.0,30
0.2,7900,55,85.0,30
4
4
0.2,7900,60,-170.0,30
0.2,7900,60,-85.0,30
0.2,7900,60,0.0,30
0.2,7900,60,85.0,30
4
4
0.3,7900,45,-170.0,30
0.3,7900,45,-85.0,30
0.3,7900,45,0.0,30
0.3,7900,45,85.0,30
4
4
0.3,7900,50,-170.0,30
0.3,7900,50,-85.0,30
0.3,7900,50,0.0,30
0.3,7900,50,85.0,30
4
4
0.3,7900,55,-170.0,30
0.3,7900,55,-85.0,30
0.3,7900,55,0.0,30
0.3,7900,55,85.0,30
4
4
0.3,7900,60,-170.0,30
0.3,7900,60,-85.0,30
0.3,7900,60,0.0,30
0.3,7900,60,85.0,30
4
4
0.4,7900,45,-170.0,30
0.4,7900,45,-85.0,30
0.4,7900,45,0.0,30
0.4,7900,45,85.0,30
4
4
0.4,7900,50,-170.0,30
0.4,7900,50,-85.0,30
0.4,7900,50,0.0,30
0.4,7900,50,85.0,30
4
4
0.4,7900,55,-170.0,30
0.4,7900,55,-85.0,30
0.4,7900,55,0.0,30
0.4,7900,55,85.0,30
4
4
0.4,7900,60,-170.0,30
0.4,7900,60,-85.0,30
0.4,7900,60,0.0,30
0.4,7900,60,85.0,30
4
4
0.2,8000,45,-170.0,30
0.2,8000,45,-85.0,30
0.2,8000,45,0.0,30
0.2,8000,45,85.0,30
4
4
0.2,8000,50,-170.0,30
0.2,8000,50,-85.0,30
0.2,8000,50,0.0,30
0.2,8000,50,85.0,30
4
4
0.2,8000,55,-170.0,30
0.2,8000,55,-85.0,30
0.2,8000,55,0.0,30
0.2,8000,55,85.0,30
4
4
0.2,8000,60,-170.0,30
0.2,8000,60,-85.0,30
0.2,8000,60,0.0,30
0.2,8000,60,85.0,30
4
4
0.3,8000,45,-170.0,30
0.3,8000,45,-85.0,30
0.3,8000,45,0.0,30
0.3,8000,45,85.0,30
4
4
0.3,8000,50,-170.0,30
0.3,8000,50,-85.0,30
0.3,8000,50,0.0,30
0.3,8000,50,85.0,30
4
4
0.3,8000,55,-170.0,30
0.3,8000,55,-85.0,30
0.3,8000,55,0.0,30
0.3,8000,55,85.0,30
4
4
0.3,8000,60,-170.0,30
0.3,8000,60,-85.0,30
0.3,8000,60,0.0,30
0.3,8000,60,85.0,30
4
4
0.4,8000,45,-170.0,30
0.4,8000,45,-85.0,30
0.4,8000,45,0.0,30
0.4,8000,45,85.0,30
4
4
0.4,8000,50,-170.0,30
0.4,8000,50,-85.0,30
0.4,8000,50,0.0,30
0.4,8000,50,85.0,30
4
4
0.4,8000,55,-170.0,30
0.4,8000,55,-85.0,30
0.4,8000,55,0.0,30
0.4,8000,55,85.0,30
4
4
0.4,8000,60,-170.0,30
0.4,8000,60,-85.0,30
0.4,8000,60,0.0,30
0.4,8000,60,85.0,30
4
4
0.2,8100,45,-170.0,30
0.2,8100,45,-85.0,30
0.2,8100,45,0.0,30
0.2,8100,45,85.0,30
4
4
0.2,8100,50,-170.0,30
0.2,8100,50,-85.0,30
0.2,8100,50,0.0,30
0.2,8100,50,85.0,30
4
4
0.2,8100,55,-170.0,30
0.2,8100,55,-85.0,30
0.2,8100,55,0.0,30
0.2,8100,55,85.0,30
4
4
0.2,8100,60,-170.0,30
0.2,8100,60,-85.0,30
0.2,8100,60,0.0,30
0.2,8100,60,85.0,30
4
4
0.3,8100,45,-170.0,30
0.3,8100,45,-85.0,30
0.3,8100,45,0.0,30
0.3,8100,45,85.0,30
4
4
0.3,8100,50,-170.0,30
0.3,8100,50,-85.0,30
0.3,8100,50,0.0,30
0.3,8100,50,85.0,30
4
4
0.3,8100,55,-170.0,30
0.3,8100,55,-85.0,30
0.3,8100,55,0.0,30
0.3,8100,55,85.0,30
4
4
0.3,8100,60,-170.0,30
0.3,8100,60,-85.0,30
0.3,8100,60,0.0,30
0.3,8100,60,85.0,30
4
4
0.4,8100,45,-170.0,30
0.4,8100,45,-85.0,30
0.4,8100,45,0.0,30
0.4,8100,45,85.0,30
4
4
0.4,8100,50,-170.0,30
0.4,8100,50,-85.0,30
0.4,8100,50,0.0,30
0.4,8100,50,85.0,30
4
4
0.4,8100,55,-170.0,30
0.4,8100,55,-85.0,30
0.4,8100,55,0.0,30
0.4,8100,55,85.0,30
4
4
0.4,8100,60,-170.0,30
0.4,8100,60,-85.0,30
0.4,8100,60,0.0,30
0.4,8100,60,85.0,30
4
4
0.2,8200,45,-170.0,30
0.2,8200,45,-85.0,30
0.2,8200,45,0.0,30
0.2,8200,45,85.0,30
4
4
0.2,8200,50,-170.0,30
0.2,8200,50,-85.0,30
0.2,8200,50,0.0,30
0.2,8200,50,85.0,30
4
4
0.2,8200,55,-170.0,30
0.2,8200,55,-85.0,30
0.2,8200,55,0.0,30
0.2,8200,55,85.0,30
4
4
0.2,8200,60,-170.0,30
0.2,8200,60,-85.0,30
0.2,8200,60,0.0,30
0.2,8200,60,85.0,30
4
4
0.3,8200,45,-170.0,30
0.3,8200,45,-85.0,30
0.3,8200,45,0.0,30
0.3,8200,45,85.0,30
4
4
0.3,8200,50,-170.0,30
0.3,8200,50,-85.0,30
0.3,8200,50,0.0,30
0.3,8200,50,85.0,30
4
4
0.3,8200,55,-170.0,30
0.3,8200,55,-85.0,30
0.3,8200,55,0.0,30
0.3,8200,55,85.0,30
4
4
0.3,8200,60,-170.0,30
0.3,8200,60,-85.0,30
0.3,8200,60,0.0,30
0.3,8200,60,85.0,30
4
4
0.4,8200,45,-170.0,30
0.4,8200,45,-85.0,30
0.4,8200,45,0.0,30
0.4,8200,45,85.0,30
4
4
0.4,8200,50,-170.0,30
0.4,8200,50,-85.0,30
0.4,8200,50,0.0,30
0.4,8200,50,85.0,30
4
4
0.4,8200,55,-170.0,30
0.4,8200,55,-85.0,30
0.4,8200,55,0.0,30
0.4,8200,55,85.0,30
4
4
0.4,8200,60,-170.0,30
0.4,8200,60,-85.0,30
0.4,8200,60,0.0,30
0.4,8200,60,85.0,30
4
4
0.2,8300,45,-170.0,30
0.2,8300,45,-85.0,30
0.2,8300,45,0.0,30
0.2,8300,45,85.0,30
4
4
0.2,8300,50,-170.0,30
0.2,8300,50,-85.0,30
0.2,8300,50,0.0,30
0.2,8300,50,85.0,30
4
4
0.2,8300,55,-170.0,30
0.2,8300,55,-85.0,30
0.2,8300,55,0.0,30
0.2,8300,55,85.0,30
4
4
0.2,8300,60,-170.0,30
0.2,8300,60,-85.0,30
0.2,8300,60,0.0,30
0.2,8300,60,85.0,30
4
4
0.3,8300,45,-170.0,30
0.3,8300,45,-85.0,30
0.3,8300,45,0.0,30
0.3,8300,45,85.0,30
4
4
0.3,8300,50,-170.0,30
0.3,8300,50,-85.0,30
0.3,8300,50,0.0,30
0.3,8300,50,85.0,30
4
4
0.3,8300,55,-170.0,30
0.3,8300,55,-85.0,30
0.3,8300,55,0.0,30
0.3,8300,55,85.0,30
4
4
0.3,8300,60,-170.0,30
0.3,8300,60,-85.0,30
0.3,8300,60,0.0,30
0.3,8300,60,85.0,30
4
4
0.4,8300,45,-170.0,30
0.4,8300,45,-85.0,30
0.4,8300,45,0.0,30
0.4,8300,45,85.0,30
4
4
0.4,8300,50,-170.0,30
0.4,8300,50,-85.0,30
0.4,8300,50,0.0,30
0.4,8300,50,85.0,30
4
4
0.4,8300,55,-170.0,30
0.4,8300,55,-85.0,30
0.4,8300,55,0.0,30
0.4,8300,55,85.0,30
4
4
0.4,8300,60,-170.0,30
0.4,8300,60,-85.0,30
0.4,8300,60,0.0,30
0.4,8300,60,85.0,30
4
4
0.2,8400,45,-170.0,30
0.2,8400,45,-85.0,30
0.2,8400,45,0.0,30
0.2,8400,45,85.0,30
4
4
0.2,8400,50,-170.0,30
0.2,8400,50,-85.0,30
0.2,8400,50,0.0,30
0.2,8400,50,85.0,30
4
4
0.2,8400,55,-170.0,30
0.2,8400,55,-85.0,30
0.2,8400,55,0.0,30
0.2,8400,55,85.0,30
4
4
0.2,8400,60,-170.0,30
0.2,8400,60,-85.0,30
0.2,8400,60,0.0,30
0.2,8400,60,85.0,30
4
4
0.3,8400,45,-170.0,30
0.3,8400,45,-85.0,30
0.3,8400,45,0.0,30
0.3,8400,45,85.0,30
4
4
0.3,8400,50,-170.0,30
0.3,8400,50,-85.0,30
0.3,8400,50,0.0,30
0.3,8400,50,85.0,30
4
4
0.3,8400,55,-170.0,30
0.3,8400,55,-85.0,30
0.3,8400,55,0.0,30
0.3,8400,55,85.0,30
4
4
0.3,8400,60,-170.0,30
0.3,8400,60,-85.0,30
0.3,8400,60,0.0,30
0.3,8400,60,85.0,30
4
4
0.4,8400,45,-170.0,30
0.4,8400,45,-85.0,30
0.4,8400,45,0.0,30
0.4,8400,45,85.0,30
4
4
0.4,8400,50,-170.0,30
0.4,8400,50,-85.0,30
0.4,8400,50,0.0,30
0.4,8400,50,85.0,30
4
4
0.4,8400,55,-170.0,30
0.4,8400,55,-85.0,30
0.4,8400,55,0.0,30
0.4,8400,55,85.0,30
4
4
0.4,8400,60,-170.0,30
0.4,8400,60,-85.0,30
0.4,8400,60,0.0,30
0.4,8400,60,85.0,30
4
5
0.2,7500,45,-170.0,30
0.2,7500,45,-85.0,30
0.2,7500,45,0.0,30
0.2,7500,45,85.0,30
4
5
0.2,7500,50,-170.0,30
0.2,7500,50,-85.0,30
0.2,7500,50,0.0,30
0.2,7500,50,85.0,30
4
5
0.2,7500,55,-170.0,30
0.2,7500,55,-85.0,30
0.2,7500,55,0.0,30
0.2,7500,55,85.0,30
4
5
0.2,7500,60,-170.0,30
0.2,7500,60,-85.0,30
0.2,7500,60,0.0,30
0.2,7500,60,85.0,30
4
5
0.3,7500,45,-170.0,30
0.3,7500,45,-85.0,30
0.3,7500,45,0.0,30
0.3,7500,45,85.0,30
4
5
0.3,7500,50,-170.0,30
0.3,7500,50,-85.0,30
0.3,7500,50,0.0,30
0.3,7500,50,85.0,30
4
5
0.3,7500,55,-170.0,30
0.3,7500,55,-85.0,30
0.3,7500,55,0.0,30
0.3,7500,55,85.0,30
4
5
0.3,7500,60,-170.0,30
0.3,7500,60,-85.0,30
0.3,7500,60,0.0,30
0.3,7500,60,85.0,30
4
5
0.4,7500,45,-170.0,30
0.4,7500,45,-85.0,30
0.4,7500,45,0.0,30
0.4,7500,45,85.0,30
4
5
0.4,7500,50,-170.0,30
0.4,7500,50,-85.0,30
0.4,7500,50,0.0,30
0.4,7500,50,85.0,30
4
5
0.4,7500,55,-170.0,30
0.4,7500,55,-85.0,30
0.4,7500,55,0.0,30
0.4,7500,55,85.0,30
4
5
0.4,7500,60,-170.0,30
0.4,7500,60,-85.0,30
0.4,7500,60,0.0,30
0.4,7500,60,85.0,30
4
5
0.2,7600,45,-170.0,30
0.2,7600,45,-85.0,30
0.2,7600,45,0.0,30
0.2,7600,45,85.0,30
4
5
0.2,7600,50,-170.0,30
0.2,7600,50,-85.0,30
0.2,7600,50,0.0,30
0.2,7600,50,85.0,30
4
5
0.2,7600,55,-170.0,30
0.2,7600,55,-85.0,30
0.2,7600,55,0.0,30
0.2,7600,55,85.0,30
4
5
0.2,7600,60,-170.0,30
0.2,7600,60,-85.0,30
0.2,7600,60,0.0,30
0.2,7600,60,85.0,30
4
5
0.3,7600,45,-170.0,30
0.3,7600,45,-85.0,30
0.3,7600,45,0.0,30
0.3,7600,45,85.0,30
4
5
0.3,7600,50,-170.0,30
0.3,7600,50,-85.0,30
0.3,7600,50,0.0,30
0.3,7600,50,85.0,30
4
5
0.3,7600,55,-170.0,30
0.3,7600,55,-85.0,30
0.3,7600,55,0.0,30
0.3,7600,55,85.0,30
4
5
0.3,7600,60,-170.0,30
0.3,7600,60,-85.0,30
0.3,7600,60,0.0,30
0.3,7600,60,85.0,30
4
5
0.4,7600,45,-170.0,30
0.4,7600,45,-85.0,30
0.4,7600,45,0.0,30
0.4,7600,45,85.0,30
4
5
0.4,7600,50,-170.0,30
0.4,7600,50,-85.0,30
0.4,7600,50,0.0,30
0.4,7600,50,85.0,30
4
5
0.4,7600,55,-170.0,30
0.4,7600,55,-85.0,30
0.4,7600,55,0.0,30
0.4,7600,55,85.0,30
4
5
0.4,7600,60,-170.0,30
0.4,7600,60,-85.0,30
0.4,7600,60,0.0,30
0.4,7600,60,85.0,30
4
5
0.2,7700,45,-170.0,30
0.2,7700,45,-85.0,30
0.2,7700,45,0.0,30
0.2,7700,45,85.0,30
4
5
0.2,7700,50,-170.0,30
0.2,7700,50,-85.0,30
0.2,7700,50,0.0,30
0.2,7700,50,85.0,30
4
5
0.2,7700,55,-170.0,30
0.2,7700,55,-85.0,30
0.2,7700,55,0.0,30
0.2,7700,55,85.0,30
4
5
0.2,7700,60,-170.0,30
0.2,7700,60,-85.0,30
0.2,7700,60,0.0,30
0.2,7700,60,85.0,30
4
5
0.3,7700,45,-170.0,30
0.3,7700,45,-85.0,30
0.3,7700,45,0.0,30
0.3,7700,45,85.0,30
4
5
0.3,7700,50,-170.0,30
0.3,7700,50,-85.0,30
0.3,7700,50,0.0,30
0.3,7700,50,85.0,30
4
5
0.3,7700,55,-170.0,30
0.3,7700,55,-85.0,30
0.3,7700,55,0.0,30
0.3,7700,55,85.0,30
4
5
0.3,7700,60,-170.0,30
0.3,7700,60,-85.0,30
0.3,7700,60,0.0,30
0.3,7700,60,85.0,30
4
5
0.4,7700,45,-170.0,30
0.4,7700,45,-85.0,30
0.4,7700,45,0.0,30
0.4,7700,45,85.0,30
4
5
0.4,7700,50,-170.0,30
0.4,7700,50,-85.0,30
0.4,7700,50,0.0,30
0.4,7700,50,85.0,30
4
5
0.4,7700,55,-170.0,30
0.4,7700,55,-85.0,30
0.4,7700,55,0.0,30
0.4,7700,55,85.0,30
4
5
0.4,7700,60,-170.0,30
0.4,7700,60,-85.0,30
0.4,7700,60,0.0,30
0.4,7700,60,85.0,30
4
5
0.2,7800,45,-170.0,30
0.2,7800,45,-85.0,30
0.2,7800,45,0.0,30
0.2,7800,45,85.0,30
4
5
0.2,7800,50,-170.0,30
0.2,7800,50,-85.0,30
0.2,7800,50,0.0,30
0.2,7800,50,85.0,30
4
5
0.2,7800,55,-170.0,30
0.2,7800,55,-85.0,30
0.2,7800,55,0.0,30
0.2,7800,55,85.0,30
4
5
0.2,7800,60,-170.0,30
0.2,7800,60,-85.0,30
0.2,7800,60,0.0,30
0.2,7800,60,85.0,30
4
5
0.3,7800,45,-170.0,30
0.3,7800,45,-85.0,30
0.3,7800,45,0.0,30
0.3,7800,45,85.0,30
4
5
0.3,7800,50,-170.0,30
0.3,7800,50,-85.0,30
0.3,7800,50,0.0,30
0.3,7800,50,85.0,30
4
5
0.3,7800,55,-170.0,30
0.3,7800,55,-85.0,30
0.3,7800,55,0.0,30
0.3,7800,55,85.0,30
4
5
0.3,7800,60,-170.0,30
0.3,7800,60,-85.0,30
0.3,7800,60,0.0,30
0.3,7800,60,85.0,30
4
5
0.4,7800,45,-170.0,30
0.4,7800,45,-85.0,30
0.4,7800,45,0.0,30
0.4,7800,45,85.0,30
4
5
0.4,7800,50,-170.0,30
0.4,7800,50,-85.0,30
0.4,7800,50,0.0,30
0.4,7800,50,85.0,30
4
5
0.4,7800,55,-170.0,30
0.4,7800,55,-85.0,30
0.4,7800,55,0.0,30
0.4,7800,55,85.0,30
4
5
0.4,7800,60,-170.0,30
0.4,7800,60,-85.0,30
0.4,7800,60,0.0,30
0.4,7800,60,85.0,30
4
5
0.2,7900,45,-170.0,30
0.2,7900,45,-85.0,30
0.2,7900,45,0.0,30
0.2,7900,45,85.0,30
4
5
0.2,7900,50,-170.0,30
0.2,7900,50,-85.0,30
0.2,7900,50,0.0,30
0.2,7900,50,85.0,30
4
5
0.2,7900,55,-170.0,30
0.2,7900,55,-85.0,30
0.2,7900,55,0.0,30
0.2,7900,55,85.0,30
4
5
0.2,7900,60,-170.0,30
0.2,7900,60,-85.0,30
0.2,7900,60,0.0,30
0.2,7900,60,85.0,30
4
5
0.3,7900,45,-170.0,30
0.3,7900,45,-85.0,30
0.3,7900,45,0.0,30
0.3,7900,45,85.0,30
4
5
0.3,7900,50,-170.0,30
0.3,7900,50,-85.0,30
0.3,7900,50,0.0,30
0.3,7900,50,85.0,30
4
5
0.3,7900,55,-170.0,30
0.3,7900,55,-85.0,30
0.3,7900,55,0.0,30
0.3,7900,55,85.0,30
4
5
0.3,7900,60,-170.0,30
0.3,7900,60,-85.0,30
0.3,7900,60,0.0,30
0.3,7900,60,85.0,30
4
5
0.4,7900,45,-170.0,30
0.4,7900,45,-85.0,30
0.4,7900,45,0.0,30
0.4,7900,45,85.0,30
4
5
0.4,7900,50,-170.0,30
0.4,7900,50,-85.0,30
0.4,7900,50,0.0,30
0.4,7900,50,85.0,30
4
5
0.4,7900,55,-170.0,30
0.4,7900,55,-85.0,30
0.4,7900,55,0.0,30
0.4,7900,55,85.0,30
4
5
0.4,7900,60,-170.0,30
0.4,7900,60,-85.0,30
0.4,7900,60,0.0,30
0.4,7900,60,85.0,30
4
5
0.2,8000,45,-170.0,30
0.2,8000,45,-85.0,30
0.2,8000,45,0.0,30
0.2,8000,45,85.0,30
4
5
0.2,8000,50,-170.0,30
0.2,8000,50,-85.0,30
0.2,8000,50,0.0,30
0.2,8000,50,85.0,30
4
5
0.2,8000,55,-170.0,30
0.2,8000,55,-85.0,30
0.2,8000,55,0.0,30
0.2,8000,55,85.0,30
4
5
0.2,8000,60,-170.0,30
0.2,8000,60,-85.0,30
0.2,8000,60,0.0,30
0.2,8000,60,85.0,30
4
5
0.3,8000,45,-170.0,30
0.3,8000,45,-85.0,30
0.3,8000,45,0.0,30
0.3,8000,45,85.0,30
4
5
0.3,8000,50,-170.0,30
0.3,8000,50,-85.0,30
0.3,8000,50,0.0,30
0.3,8000,50,85.0,30
4
5
0.3,8000,55,-170.0,30
0.3,8000,55,-85.0,30
0.3,8000,55,0.0,30
0.3,8000,55,85.0,30
4
5
0.3,8000,60,-170.0,30
0.3,8000,60,-85.0,30
0.3,8000,60,0.0,30
0.3,8000,60,85.0,30
4
5
0.4,8000,45,-170.0,30
0.4,8000,45,-85.0,30
0.4,8000,45,0.0,30
0.4,8000,45,85.0,30
4
5
0.4,8000,50,-170.0,30
0.4,8000,50,-85.0,30
0.4,8000,50,0.0,30
0.4,8000,50,85.0,30
4
5
0.4,8000,55,-170.0,30
0.4,8000,55,-85.0,30
0.4,8000,55,0.0,30
0.4,8000,55,85.0,30
4
5
0.4,8000,60,-170.0,30
0.4,8000,60,-85.0,30
0.4,8000,60,0.0,30
0.4,8000,60,85.0,30
4
5
0.2,8100,45,-170.0,30
0.2,8100,45,-85.0,30
0.2,8100,45,0.0,30
0.2,8100,45,85.0,30
4
5
0.2,8100,50,-170.0,30
0.2,8100,50,-85.0,30
0.2,8100,50,0.0,30
0.2,8100,50,85.0,30
4
5
0.2,8100,55,-170.0,30
0.2,8100,55,-85.0,30
0.2,8100,55,0.0,30
0.2,8100,55,85.0,30
4
5
0.2,8100,60,-170.0,30
0.2,8100,60,-85.0,30
0.2,8100,60,0.0,30
0.2,8100,60,85.0,30
4
5
0.3,8100,45,-170.0,30
0.3,8100,45,-85.0,30
0.3,8100,45,0.0,30
0.3,8100,45,85.0,30
4
5
0.3,8100,50,-170.0,30
0.3,8100,50,-85.0,30
0.3,8100,50,0.0,30
0.3,8100,50,85.0,30
4
5
0.3,8100,55,-170.0,30
0.3,8100,55,-85.0,30
0.3,8100,55,0.0,30
0.3,8100,55,85.0,30
4
5
0.3,8100,60,-170.0,30
0.3,8100,60,-85.0,30
0.3,8100,60,0.0,30
0.3,8100,60,85.0,30
4
5
0.4,8100,45,-170.0,30
0.4,8100,45,-85.0,30
0.4,8100,45,0.0,30
0.4,8100,45,85.0,30
4
5
0.4,8100,50,-170.0,30
0.4,8100,50,-85.0,30
0.4,8100,50,0.0,30
0.4,8100,50,85.0,30
4
5
0.4,8100,55,-170.0,30
0.4,8100,55,-85.0,30
0.4,8100,55,0.0,30
0.4,8100,55,85.0,30
4
5
0.4,8100,60,-170.0,30
0.4,8100,60,-85.0,30
0.4,8100,60,0.0,30
0.4,8100,60,85.0,30
4
5
0.2,8200,45,-170.0,30
0.2,8200,45,-85.0,30
0.2,8200,45,0.0,30
0.2,8200,45,85.0,30
4
5
0.2,8200,50,-170.0,30
0.2,8200,50,-85.0,30
0.2,8200,50,0.0,30
0.2,8200,50,85.0,30
4
5
0.2,8200,55,-170.0,30
0.2,8200,55,-85.0,30
0.2,8200,55,0.0,30
0.2,8200,55,85.0,30
4
5
0.2,8200,60,-170.0,30
0.2,8200,60,-85.0,30
0.2,8200,60,0.0,30
0.2,8200,60,85.0,30
4
5
0.3,8200,45,-170.0,30
0.3,8200,45,-85.0,30
0.3,8200,45,0.0,30
0.3,8200,45,85.0,30
4
5
0.3,8200,50,-170.0,30
0.3,8200,50,-85.0,30
0.3,8200,50,0.0,30
0.3,8200,50,85.0,30
4
5
0.3,8200,55,-170.0,30
0.3,8200,55,-85.0,30
0.3,8200,55,0.0,30
0.3,8200,55,85.0,30
4
5
0.3,8200,60,-170.0,30
0.3,8200,60,-85.0,30
0.3,8200,60,0.0,30
0.3,8200,60,85.0,30
4
5
0.4,8200,45,-170.0,30
0.4,8200,45,-85.0,30
0.4,8200,45,0.0,30
0.4,8200,45,85.0,30
4
5
0.4,8200,50,-170.0,30
0.4,8200,50,-85.0,30
0.4,8200,50,0.0,30
0.4,8200,50,85.0,30
4
5
0.4,8200,55,-170.0,30
0.4,8200,55,-85.0,30
0.4,8200,55,0.0,30
0.4,8200,55,85.0,30
4
5
0.4,8200,60,-170.0,30
0.4,8200,60,-85.0,30
0.4,8200,60,0.0,30
0.4,8200,60,85.0,30
4
5
0.2,8300,45,-170.0,30
0.2,8300,45,-85.0,30
0.2,8300,45,0.0,30
0.2,8300,45,85.0,30
4
5
0.2,8300,50,-170.0,30
0.2,8300,50,-85.0,30
0.2,8300,50,0.0,30
0.2,8300,50,85.0,30
4
5
0.2,8300,55,-170.0,30
0.2,8300,55,-85.0,30
0.2,8300,55,0.0,30
0.2,8300,55,85.0,30
4
5
0.2,8300,60,-170.0,30
0.2,8300,60,-85.0,30
0.2,8300,60,0.0,30
0.2,8300,60,85.0,30
4
5
0.3,8300,45,-170.0,30
0.3,8300,45,-85.0,30
0.3,8300,45,0.0,30
0.3,8300,45,85.0,30
4
5
0.3,8300,50,-170.0,30
0.3,8300,50,-85.0,30
0.3,8300,50,0.0,30
0.3,8300,50,85.0,30
4
5
0.3,8300,55,-170.0,30
0.3,8300,55,-85.0,30
0.3,8300,55,0.0,30
0.3,8300,55,85.0,30
4
5
0.3,8300,60,-170.0,30
0.3,8300,60,-85.0,30
0.3,8300,60,0.0,30
0.3,8300,60,85.0,30
4
5
0.4,8300,45,-170.0,30
0.4,8300,45,-85.0,30
0.4,8300,45,0.0,30
0.4,8300,45,85.0,30
4
5
0.4,8300,50,-170.0,30
0.4,8300,50,-85.0,30
0.4,8300,50,0.0,30
0.4,8300,50,85.0,30
4
5
0.4,8300,55,-170.0,30
0.4,8300,55,-85.0,30
0.4,8300,55,0.0,30
0.4,8300,55,85.0,30
4
5
0.4,8300,60,-170.0,30
0.4,8300,60,-85.0,30
0.4,8300,60,0.0,30
0.4,8300,60,85.0,30
4
5
0.2,8400,45,-170.0,30
0.2,8400,45,-85.0,30
0.2,8400,45,0.0,30
0.2,8400,45,85.0,30
4
5
0.2,8400,50,-170.0,30
0.2,8400,50,-85.0,30
0.2,8400,50,0.0,30
0.2,8400,50,85.0,30
4
5
0.2,8400,55,-170.0,30
0.2,8400,55,-85.0,30
0.2,8400,55,0.0,30
0.2,8400,55,85.0,30
4
5
0.2,8400,60,-170.0,30
0.2,8400,60,-85.0,30
0.2,8400,60,0.0,30
0.2,8400,60,85.0,30
4
5
0.3,8400,45,-170.0,30
0.3,8400,45,-85.0,30
0.3,8400,45,0.0,30
0.3,8400,45,85.0,30
4
5
0.3,8400,50,-170.0,30
0.3,8400,50,-85.0,30
0.3,8400,50,0.0,30
0.3,8400,50,85.0,30
4
5
0.3,8400,55,-170.0,30
0.3,8400,55,-85.0,30
0.3,8400,55,0.0,30
0.3,8400,55,85.0,30
4
5
0.3,8400,60,-170.0,30
0.3,8400,60,-85.0,30
0.3,8400,60,0.0,30
0.3,8400,60,85.0,30
4
5
0.4,8400,45,-170.0,30
0.4,8400,45,-85.0,30
0.4,8400,45,0.0,30
0.4,8400,45,85.0,30
4
5
0.4,8400,50,-170.0,30
0.4,8400,50,-85.0,30
0.4,8400,50,0.0,30
0.4,8400,50,85.0,30
4
5
0.4,8400,55,-170.0,30
0.4,8400,55,-85.0,30
0.4,8400,55,0.0,30
0.4,8400,55,85.0,30
4
5
0.4,8400,60,-170.0,30
0.4,8400,60,-85.0,30
0.4,8400,60,0.0,30
0.4,8400,60,85.0,30
5
4
0.2,7500,45,-170.0,30
0.2,7500,45,-102.0,30
0.2,7500,45,-34.0,30
0.2,7500,45,34.0,30
0.2,7500,45,102.0,30
5
4
0.2,7500,50,-170.0,30
0.2,7500,50,-102.0,30
0.2,7500,50,-34.0,30
0.2,7500,50,34.0,30
0.2,7500,50,102.0,30
5
4
0.2,7500,55,-170.0,30
0.2,7500,55,-102.0,30
0.2,7500,55,-34.0,30
0.2,7500,55,34.0,30
0.2,7500,55,102.0,30
5
4
0.2,7500,60,-170.0,30
0.2,7500,60,-102.0,30
0.2,7500,60,-34.0,30
0.2,7500,60,34.0,30
0.2,7500,60,102.0,30
5
4
0.3,7500,45,-170.0,30
0.3,7500,45,-102.0,30
0.3,7500,45,-34.0,30
0.3,7500,45,34.0,30
0.3,7500,45,102.0,30
5
4
0.3,7500,50,-170.0,30
0.3,7500,50,-102.0,30
0.3,7500,50,-34.0,30
0.3,7500,50,34.0,30
0.3,7500,50,102.0,30
5
4
0.3,7500,55,-170.0,30
0.3,7500,55,-102.0,30
0.3,7500,55,-34.0,30
0.3,7500,55,34.0,30
0.3,7500,55,102.0,30
5
4
0.3,7500,60,-170.0,30
0.3,7500,60,-102.0,30
0.3,7500,60,-34.0,30
0.3,7500,60,34.0,30
0.3,7500,60,102.0,30
5
4
0.4,7500,45,-170.0,30
0.4,7500,45,-102.0,30
0.4,7500,45,-34.0,30
0.4,7500,45,34.0,30
0.4,7500,45,102.0,30
5
4
0.4,7500,50,-170.0,30
0.4,7500,50,-102.0,30
0.4,7500,50,-34.0,30
0.4,7500,50,34.0,30
0.4,7500,50,102.0,30
5
4
0.4,7500,55,-170.0,30
0.4,7500,55,-102.0,30
0.4,7500,55,-34.0,30
0.4,7500,55,34.0,30
0.4,7500,55,102.0,30
5
4
0.4,7500,60,-170.0,30
0.4,7500,60,-102.0,30
0.4,7500,60,-34.0,30
0.4,7500,60,34.0,30
0.4,7500,60,102.0,30
5
4
0.2,7600,45,-170.0,30
0.2,7600,45,-102.0,30
0.2,7600,45,-34.0,30
0.2,7600,45,34.0,30
0.2,7600,45,102.0,30
5
4
0.2,7600,50,-170.0,30
0.2,7600,50,-102.0,30
0.2,7600,50,-34.0,30
0.2,7600,50,34.0,30
0.2,7600,50,102.0,30
5
4
0.2,7600,55,-170.0,30
0.2,7600,55,-102.0,30
0.2,7600,55,-34.0,30
0.2,7600,55,34.0,30
0.2,7600,55,102.0,30
5
4
0.2,7600,60,-170.0,30
0.2,7600,60,-102.0,30
0.2,7600,60,-34.0,30
0.2,7600,60,34.0,30
0.2,7600,60,102.0,30
5
4
0.3,7600,45,-170.0,30
0.3,7600,45,-102.0,30
0.3,7600,45,-34.0,30
0.3,7600,45,34.0,30
0.3,7600,45,102.0,30
5
4
0.3,7600,50,-170.0,30
0.3,7600,50,-102.0,30
0.3,7600,50,-34.0,30
0.3,7600,50,34.0,30
0.3,7600,50,102.0,30
5
4
0.3,7600,55,-170.0,30
0.3,7600,55,-102.0,30
0.3,7600,55,-34.0,30
0.3,7600,55,34.0,30
0.3,7600,55,102.0,30
5
4
0.3,7600,60,-170.0,30
0.3,7600,60,-102.0,30
0.3,7600,60,-34.0,30
0.3,7600,60,34.0,30
0.3,7600,60,102.0,30
5
4
0.4,7600,45,-170.0,30
0.4,7600,45,-102.0,30
0.4,7600,45,-34.0,30
0.4,7600,45,34.0,30
0.4,7600,45,102.0,30
5
4
0.4,7600,50,-170.0,30
0.4,7600,50,-102.0,30
0.4,7600,50,-34.0,30
0.4,7600,50,34.0,30
0.4,7600,50,102.0,30
5
4
0.4,7600,55,-170.0,30
0.4,7600,55,-102.0,30
0.4,7600,55,-34.0,30
0.4,7600,55,34.0,30
0.4,7600,55,102.0,30
5
4
0.4,7600,60,-170.0,30
0.4,7600,60,-102.0,30
0.4,7600,60,-34.0,30
0.4,7600,60,34.0,30
0.4,7600,60,102.0,30
5
4
0.2,7700,45,-170.0,30
0.2,7700,45,-102.0,30
0.2,7700,45,-34.0,30
0.2,7700,45,34.0,30
0.2,7700,45,102.0,30
5
4
0.2,7700,50,-170.0,30
0.2,7700,50,-102.0,30
0.2,7700,50,-34.0,30
0.2,7700,50,34.0,30
0.2,7700,50,102.0,30
5
4
0.2,7700,55,-170.0,30
0.2,7700,55,-102.0,30
0.2,7700,55,-34.0,30
0.2,7700,55,34.0,30
0.2,7700,55,102.0,30
5
4
0.2,7700,60,-170.0,30
0.2,7700,60,-102.0,30
0.2,7700,60,-34.0,30
0.2,7700,60,34.0,30
0.2,7700,60,102.0,30
5
4
0.3,7700,45,-170.0,30
0.3,7700,45,-102.0,30
0.3,7700,45,-34.0,30
0.3,7700,45,34.0,30
0.3,7700,45,102.0,30
5
4
0.3,7700,50,-170.0,30
0.3,7700,50,-102.0,30
0.3,7700,50,-34.0,30
0.3,7700,50,34.0,30
0.3,7700,50,102.0,30
5
4
0.3,7700,55,-170.0,30
0.3,7700,55,-102.0,30
0.3,7700,55,-34.0,30
0.3,7700,55,34.0,30
0.3,7700,55,102.0,30
5
4
0.3,7700,60,-170.0,30
0.3,7700,60,-102.0,30
0.3,7700,60,-34.0,30
0.3,7700,60,34.0,30
0.3,7700,60,102.0,30
5
4
0.4,7700,45,-170.0,30
0.4,7700,45,-102.0,30
0.4,7700,45,-34.0,30
0.4,7700,45,34.0,30
0.4,7700,45,102.0,30
5
4
0.4,7700,50,-170.0,30
0.4,7700,50,-102.0,30
0.4,7700,50,-34.0,30
0.4,7700,50,34.0,30
0.4,7700,50,102.0,30
5
4
0.4,7700,55,-170.0,30
0.4,7700,55,-102.0,30
0.4,7700,55,-34.0,30
0.4,7700,55,34.0,30
0.4,7700,55,102.0,30
5
4
0.4,7700,60,-170.0,30
0.4,7700,60,-102.0,30
0.4,7700,60,-34.0,30
0.4,7700,60,34.0,30
0.4,7700,60,102.0,30
5
4
0.2,7800,45,-170.0,30
0.2,7800,45,-102.0,30
0.2,7800,45,-34.0,30
0.2,7800,45,34.0,30
0.2,7800,45,102.0,30
5
4
0.2,7800,50,-170.0,30
0.2,7800,50,-102.0,30
0.2,7800,50,-34.0,30
0.2,7800,50,34.0,30
0.2,7800,50,102.0,30
5
4
0.2,7800,55,-170.0,30
0.2,7800,55,-102.0,30
0.2,7800,55,-34.0,30
0.2,7800,55,34.0,30
0.2,7800,55,102.0,30
5
4
0.2,7800,60,-170.0,30
0.2,7800,60,-102.0,30
0.2,7800,60,-34.0,30
0.2,7800,60,34.0,30
0.2,7800,60,102.0,30
5
4
0.3,7800,45,-170.0,30
0.3,7800,45,-102.0,30
0.3,7800,45,-34.0,30
0.3,7800,45,34.0,30
0.3,7800,45,102.0,30
5
4
0.3,7800,50,-170.0,30
0.3,7800,50,-102.0,30
0.3,7800,50,-34.0,30
0.3,7800,50,34.0,30
0.3,7800,50,102.0,30
5
4
0.3,7800,55,-170.0,30
0.3,7800,55,-102.0,30
0.3,7800,55,-34.0,30
0.3,7800,55,34.0,30
0.3,7800,55,102.0,30
5
4
0.3,7800,60,-170.0,30
0.3,7800,60,-102.0,30
0.3,7800,60,-34.0,30
0.3,7800,60,34.0,30
0.3,7800,60,102.0,30
5
4
0.4,7800,45,-170.0,30
0.4,7800,45,-102.0,30
0.4,7800,45,-34.0,30
0.4,7800,45,34.0,30
0.4,7800,45,102.0,30
5
4
0.4,7800,50,-170.0,30
0.4,7800,50,-102.0,30
0.4,7800,50,-34.0,30
0.4,7800,50,34.0,30
0.4,7800,50,102.0,30
5
4
0.4,7800,55,-170.0,30
0.4,7800,55,-102.0,30
0.4,7800,55,-34.0,30
0.4,7800,55,34.0,30
0.4,7800,55,102.0,30
5
4
0.4,7800,60,-170.0,30
0.4,7800,60,-102.0,30
0.4,7800,60,-34.0,30
0.4,7800,60,34.0,30
0.4,7800,60,102.0,30
5
4
0.2,7900,45,-170.0,30
0.2,7900,45,-102.0,30
0.2,7900,45,-34.0,30
0.2,7900,45,34.0,30
0.2,7900,45,102.0,30
5
4
0.2,7900,50,-170.0,30
0.2,7900,50,-102.0,30
0.2,7900,50,-34.0,30
0.2,7900,50,34.0,30
0.2,7900,50,102.0,30
5
4
0.2,7900,55,-170.0,30
0.2,7900,55,-102.0,30
0.2,7900,55,-34.0,30
0.2,7900,55,34.0,30
0.2,7900,55,102.0,30
5
4
0.2,7900,60,-170.0,30
0.2,7900,60,-102.0,30
0.2,7900,60,-34.0,30
0.2,7900,60,34.0,30
0.2,7900,60,102.0,30
5
4
0.3,7900,45,-170.0,30
0.3,7900,45,-102.0,30
0.3,7900,45,-34.0,30
0.3,7900,45,34.0,30
0.3,7900,45,102.0,30
5
4
0.3,7900,50,-170.0,30
0.3,7900,50,-102.0,30
0.3,7900,50,-34.0,30
0.3,7900,50,34.0,30
0.3,7900,50,102.0,30
5
4
0.3,7900,55,-170.0,30
0.3,7900,55,-102.0,30
0.3,7900,55,-34.0,30
0.3,7900,55,34.0,30
0.3,7900,55,102.0,30
5
4
0.3,7900,60,-170.0,30
0.3,7900,60,-102.0,30
0.3,7900,60,-34.0,30
0.3,7900,60,34.0,30
0.3,7900,60,102.0,30
5
4
0.4,7900,45,-170.0,30
0.4,7900,45,-102.0,30
0.4,7900,45,-34.0,30
0.4,7900,45,34.0,30
0.4,7900,45,102.0,30
5
4
0.4,7900,50,-170.0,30
0.4,7900,50,-102.0,30
0.4,7900,50,-34.0,30
0.4,7900,50,34.0,30
0.4,7900,50,102.0,30
5
4
0.4,7900,55,-170.0,30
0.4,7900,55,-102.0,30
0.4,7900,55,-34.0,30
0.4,7900,55,34.0,30
0.4,7900,55,102.0,30
5
4
0.4,7900,60,-170.0,30
0.4,7900,60,-102.0,30
0.4,7900,60,-34.0,30
0.4,7900,60,34.0,30
0.4,7900,60,102.0,30
5
4
0.2,8000,45,-170.0,30
0.2,8000,45,-102.0,30
0.2,8000,45,-34.0,30
0.2,8000,45,34.0,30
0.2,8000,45,102.0,30
5
4
0.2,8000,50,-170.0,30
0.2,8000,50,-102.0,30
0.2,8000,50,-34.0,30
0.2,8000,50,34.0,30
0.2,8000,50,102.0,30
5
4
0.2,8000,55,-170.0,30
0.2,8000,55,-102.0,30
0.2,8000,55,-34.0,30
0.2,8000,55,34.0,30
0.2,8000,55,102.0,30
5
4
0.2,8000,60,-170.0,30
0.2,8000,60,-102.0,30
0.2,8000,60,-34.0,30
0.2,8000,60,34.0,30
0.2,8000,60,102.0,30
5
4
0.3,8000,45,-170.0,30
0.3,8000,45,-102.0,30
0.3,8000,45,-34.0,30
0.3,8000,45,34.0,30
0.3,8000,45,102.0,30
5
4
0.3,8000,50,-170.0,30
0.3,8000,50,-102.0,30
0.3,8000,50,-34.0,30
0.3,8000,50,34.0,30
0.3,8000,50,102.0,30
5
4
0.3,8000,55,-170.0,30
0.3,8000,55,-102.0,30
0.3,8000,55,-34.0,30
0.3,8000,55,34.0,30
0.3,8000,55,102.0,30
5
4
0.3,8000,60,-170.0,30
0.3,8000,60,-102.0,30
0.3,8000,60,-34.0,30
0.3,8000,60,34.0,30
0.3,8000,60,102.0,30
5
4
0.4,8000,45,-170.0,30
0.4,8000,45,-102.0,30
0.4,8000,45,-34.0,30
0.4,8000,45,34.0,30
0.4,8000,45,102.0,30
5
4
0.4,8000,50,-170.0,30
0.4,8000,50,-102.0,30
0.4,8000,50,-34.0,30
0.4,8000,50,34.0,30
0.4,8000,50,102.0,30
5
4
0.4,8000,55,-170.0,30
0.4,8000,55,-102.0,30
0.4,8000,55,-34.0,30
0.4,8000,55,34.0,30
0.4,8000,55,102.0,30
5
4
0.4,8000,60,-170.0,30
0.4,8000,60,-102.0,30
0.4,8000,60,-34.0,30
0.4,8000,60,34.0,30
0.4,8000,60,102.0,30
5
4
0.2,8100,45,-170.0,30
0.2,8100,45,-102.0,30
0.2,8100,45,-34.0,30
0.2,8100,45,34.0,30
0.2,8100,45,102.0,30
5
4
0.2,8100,50,-170.0,30
0.2,8100,50,-102.0,30
0.2,8100,50,-34.0,30
0.2,8100,50,34.0,30
0.2,8100,50,102.0,30
5
4
0.2,8100,55,-170.0,30
0.2,8100,55,-102.0,30
0.2,8100,55,-34.0,30
0.2,8100,55,34.0,30
0.2,8100,55,102.0,30
5
4
0.2,8100,60,-170.0,30
0.2,8100,60,-102.0,30
0.2,8100,60,-34.0,30
0.2,8100,60,34.0,30
0.2,8100,60,102.0,30
5
4
0.3,8100,45,-170.0,30
0.3,8100,45,-102.0,30
0.3,8100,45,-34.0,30
0.3,8100,45,34.0,30
0.3,8100,45,102.0,30
5
4
0.3,8100,50,-170.0,30
0.3,8100,50,-102.0,30
0.3,8100,50,-34.0,30
0.3,8100,50,34.0,30
0.3,8100,50,102.0,30
5
4
0.3,8100,55,-170.0,30
0.3,8100,55,-102.0,30
0.3,8100,55,-34.0,30
0.3,8100,55,34.0,30
0.3,8100,55,102.0,30
5
4
0.3,8100,60,-170.0,30
0.3,8100,60,-102.0,30
0.3,8100,60,-34.0,30
0.3,8100,60,34.0,30
0.3,8100,60,102.0,30
5
4
0.4,8100,45,-170.0,30
0.4,8100,45,-102.0,30
0.4,8100,45,-34.0,30
0.4,8100,45,34.0,30
0.4,8100,45,102.0,30
5
4
0.4,8100,50,-170.0,30
0.4,8100,50,-102.0,30
0.4,8100,50,-34.0,30
0.4,8100,50,34.0,30
0.4,8100,50,102.0,30
5
4
0.4,8100,55,-170.0,30
0.4,8100,55,-102.0,30
0.4,8100,55,-34.0,30
0.4,8100,55,34.0,30
0.4,8100,55,102.0,30
5
4
0.4,8100,60,-170.0,30
0.4,8100,60,-102.0,30
0.4,8100,60,-34.0,30
0.4,8100,60,34.0,30
0.4,8100,60,102.0,30
5
4
0.2,8200,45,-170.0,30
0.2,8200,45,-102.0,30
0.2,8200,45,-34.0,30
0.2,8200,45,34.0,30
0.2,8200,45,102.0,30
5
4
0.2,8200,50,-170.0,30
0.2,8200,50,-102.0,30
0.2,8200,50,-34.0,30
0.2,8200,50,34.0,30
0.2,8200,50,102.0,30
5
4
0.2,8200,55,-170.0,30
0.2,8200,55,-102.0,30
0.2,8200,55,-34.0,30
0.2,8200,55,34.0,30
0.2,8200,55,102.0,30
5
4
0.2,8200,60,-170.0,30
0.2,8200,60,-102.0,30
0.2,8200,60,-34.0,30
0.2,8200,60,34.0,30
0.2,8200,60,102.0,30
5
4
0.3,8200,45,-170.0,30
0.3,8200,45,-102.0,30
0.3,8200,45,-34.0,30
0.3,8200,45,34.0,30
0.3,8200,45,102.0,30
5
4
0.3,8200,50,-170.0,30
0.3,8200,50,-102.0,30
0.3,8200,50,-34.0,30
0.3,8200,50,34.0,30
0.3,8200,50,102.0,30
5
4
0.3,8200,55,-170.0,30
0.3,8200,55,-102.0,30
0.3,8200,55,-34.0,30
0.3,8200,55,34.0,30
0.3,8200,55,102.0,30
5
4
0.3,8200,60,-170.0,30
0.3,8200,60,-102.0,30
0.3,8200,60,-34.0,30
0.3,8200,60,34.0,30
0.3,8200,60,102.0,30
5
4
0.4,8200,45,-170.0,30
0.4,8200,45,-102.0,30
0.4,8200,45,-34.0,30
0.4,8200,45,34.0,30
0.4,8200,45,102.0,30
5
4
0.4,8200,50,-170.0,30
0.4,8200,50,-102.0,30
0.4,8200,50,-34.0,30
0.4,8200,50,34.0,30
0.4,8200,50,102.0,30
5
4
0.4,8200,55,-170.0,30
0.4,8200,55,-102.0,30
0.4,8200,55,-34.0,30
0.4,8200,55,34.0,30
0.4,8200,55,102.0,30
5
4
0.4,8200,60,-170.0,30
0.4,8200,60,-102.0,30
0.4,8200,60,-34.0,30
0.4,8200,60,34.0,30
0.4,8200,60,102.0,30
5
4
0.2,8300,45,-170.0,30
0.2,8300,45,-102.0,30
0.2,8300,45,-34.0,30
0.2,8300,45,34.0,30
0.2,8300,45,102.0,30
5
4
0.2,8300,50,-170.0,30
0.2,8300,50,-102.0,30
0.2,8300,50,-34.0,30
0.2,8300,50,34.0,30
0.2,8300,50,102.0,30
5
4
0.2,8300,55,-170.0,30
0.2,8300,55,-102.0,30
0.2,8300,55,-34.0,30
0.2,8300,55,34.0,30
0.2,8300,55,102.0,30
5
4
0.2,8300,60,-170.0,30
0.2,8300,60,-102.0,30
0.2,8300,60,-34.0,30
0.2,8300,60,34.0,30
0.2,8300,60,102.0,30
5
4
0.3,8300,45,-170.0,30
0.3,8300,45,-102.0,30
0.3,8300,45,-34.0,30
0.3,8300,45,34.0,30
0.3,8300,45,102.0,30
5
4
0.3,8300,50,-170.0,30
0.3,8300,50,-102.0,30
0.3,8300,50,-34.0,30
0.3,8300,50,34.0,30
0.3,8300,50,102.0,30
5
4
0.3,8300,55,-170.0,30
0.3,8300,55,-102.0,30
0.3,8300,55,-34.0,30
0.3,8300,55,34.0,30
0.3,8300,55,102.0,30
5
4
0.3,8300,60,-170.0,30
0.3,8300,60,-102.0,30
0.3,8300,60,-34.0,30
0.3,8300,60,34.0,30
0.3,8300,60,102.0,30
5
4
0.4,8300,45,-170.0,30
0.4,8300,45,-102.0,30
0.4,8300,45,-34.0,30
0.4,8300,45,34.0,30
0.4,8300,45,102.0,30
5
4
0.4,8300,50,-170.0,30
0.4,8300,50,-102.0,30
0.4,8300,50,-34.0,30
0.4,8300,50,34.0,30
0.4,8300,50,102.0,30
5
4
0.4,8300,55,-170.0,30
0.4,8300,55,-102.0,30
0.4,8300,55,-34.0,30
0.4,8300,55,34.0,30
0.4,8300,55,102.0,30
5
4
0.4,8300,60,-170.0,30
0.4,8300,60,-102.0,30
0.4,8300,60,-34.0,30
0.4,8300,60,34.0,30
0.4,8300,60,102.0,30
5
4
0.2,8400,45,-170.0,30
0.2,8400,45,-102.0,30
0.2,8400,45,-34.0,30
0.2,8400,45,34.0,30
0.2,8400,45,102.0,30
5
4
0.2,8400,50,-170.0,30
0.2,8400,50,-102.0,30
0.2,8400,50,-34.0,30
0.2,8400,50,34.0,30
0.2,8400,50,102.0,30
5
4
0.2,8400,55,-170.0,30
0.2,8400,55,-102.0,30
0.2,8400,55,-34.0,30
0.2,8400,55,34.0,30
0.2,8400,55,102.0,30
5
4
0.2,8400,60,-170.0,30
0.2,8400,60,-102.0,30
0.2,8400,60,-34.0,30
0.2,8400,60,34.0,30
0.2,8400,60,102.0,30
5
4
0.3,8400,45,-170.0,30
0.3,8400,45,-102.0,30
0.3,8400,45,-34.0,30
0.3,8400,45,34.0,30
0.3,8400,45,102.0,30
5
4
0.3,8400,50,-170.0,30
0.3,8400,50,-102.0,30
0.3,8400,50,-34.0,30
0.3,8400,50,34.0,30
0.3,8400,50,102.0,30
5
4
0.3,8400,55,-170.0,30
0.3,8400,55,-102.0,30
0.3,8400,55,-34.0,30
0.3,8400,55,34.0,30
0.3,8400,55,102.0,30
5
4
0.3,8400,60,-170.0,30
0.3,8400,60,-102.0,30
0.3,8400,60,-34.0,30
0.3,8400,60,34.0,30
0.3,8400,60,102.0,30
5
4
0.4,8400,45,-170.0,30
0.4,8400,45,-102.0,30
0.4,8400,45,-34.0,30
0.4,8400,45,34.0,30
0.4,8400,45,102.0,30
5
4
0.4,8400,50,-170.0,30
0.4,8400,50,-102.0,30
0.4,8400,50,-34.0,30
0.4,8400,50,34.0,30
0.4,8400,50,102.0,30
5
4
0.4,8400,55,-170.0,30
0.4,8400,55,-102.0,30
0.4,8400,55,-34.0,30
0.4,8400,55,34.0,30
0.4,8400,55,102.0,30
5
4
0.4,8400,60,-170.0,30
0.4,8400,60,-102.0,30
0.4,8400,60,-34.0,30
0.4,8400,60,34.0,30
0.4,8400,60,102.0,30
5
5
0.2,7500,45,-170.0,30
0.2,7500,45,-102.0,30
0.2,7500,45,-34.0,30
0.2,7500,45,34.0,30
0.2,7500,45,102.0,30
5
5
0.2,7500,50,-170.0,30
0.2,7500,50,-102.0,30
0.2,7500,50,-34.0,30
0.2,7500,50,34.0,30
0.2,7500,50,102.0,30
5
5
0.2,7500,55,-170.0,30
0.2,7500,55,-102.0,30
0.2,7500,55,-34.0,30
0.2,7500,55,34.0,30
0.2,7500,55,102.0,30
5
5
0.2,7500,60,-170.0,30
0.2,7500,60,-102.0,30
0.2,7500,60,-34.0,30
0.2,7500,60,34.0,30
0.2,7500,60,102.0,30
5
5
0.3,7500,45,-170.0,30
0.3,7500,45,-102.0,30
0.3,7500,45,-34.0,30
0.3,7500,45,34.0,30
0.3,7500,45,102.0,30
5
5
0.3,7500,50,-170.0,30
0.3,7500,50,-102.0,30
0.3,7500,50,-34.0,30
0.3,7500,50,34.0,30
0.3,7500,50,102.0,30
5
5
0.3,7500,55,-170.0,30
0.3,7500,55,-102.0,30
0.3,7500,55,-34.0,30
0.3,7500,55,34.0,30
0.3,7500,55,102.0,30
5
5
0.3,7500,60,-170.0,30
0.3,7500,60,-102.0,30
0.3,7500,60,-34.0,30
0.3,7500,60,34.0,30
0.3,7500,60,102.0,30
5
5
0.4,7500,45,-170.0,30
0.4,7500,45,-102.0,30
0.4,7500,45,-34.0,30
0.4,7500,45,34.0,30
0.4,7500,45,102.0,30
5
5
0.4,7500,50,-170.0,30
0.4,7500,50,-102.0,30
0.4,7500,50,-34.0,30
0.4,7500,50,34.0,30
0.4,7500,50,102.0,30
5
5
0.4,7500,55,-170.0,30
0.4,7500,55,-102.0,30
0.4,7500,55,-34.0,30
0.4,7500,55,34.0,30
0.4,7500,55,102.0,30
5
5
0.4,7500,60,-170.0,30
0.4,7500,60,-102.0,30
0.4,7500,60,-34.0,30
0.4,7500,60,34.0,30
0.4,7500,60,102.0,30
5
5
0.2,7600,45,-170.0,30
0.2,7600,45,-102.0,30
0.2,7600,45,-34.0,30
0.2,7600,45,34.0,30
0.2,7600,45,102.0,30
5
5
0.2,7600,50,-170.0,30
0.2,7600,50,-102.0,30
0.2,7600,50,-34.0,30
0.2,7600,50,34.0,30
0.2,7600,50,102.0,30
5
5
0.2,7600,55,-170.0,30
0.2,7600,55,-102.0,30
0.2,7600,55,-34.0,30
0.2,7600,55,34.0,30
0.2,7600,55,102.0,30
5
5
0.2,7600,60,-170.0,30
0.2,7600,60,-102.0,30
0.2,7600,60,-34.0,30
0.2,7600,60,34.0,30
0.2,7600,60,102.0,30
5
5
0.3,7600,45,-170.0,30
0.3,7600,45,-102.0,30
0.3,7600,45,-34.0,30
0.3,7600,45,34.0,30
0.3,7600,45,102.0,30
5
5
0.3,7600,50,-170.0,30
0.3,7600,50,-102.0,30
0.3,7600,50,-34.0,30
0.3,7600,50,34.0,30
0.3,7600,50,102.0,30
5
5
0.3,7600,55,-170.0,30
0.3,7600,55,-102.0,30
0.3,7600,55,-34.0,30
0.3,7600,55,34.0,30
0.3,7600,55,102.0,30
5
5
0.3,7600,60,-170.0,30
0.3,7600,60,-102.0,30
0.3,7600,60,-34.0,30
0.3,7600,60,34.0,30
0.3,7600,60,102.0,30
5
5
0.4,7600,45,-170.0,30
0.4,7600,45,-102.0,30
0.4,7600,45,-34.0,30
0.4,7600,45,34.0,30
0.4,7600,45,102.0,30
5
5
0.4,7600,50,-170.0,30
0.4,7600,50,-102.0,30
0.4,7600,50,-34.0,30
0.4,7600,50,34.0,30
0.4,7600,50,102.0,30
5
5
0.4,7600,55,-170.0,30
0.4,7600,55,-102.0,30
0.4,7600,55,-34.0,30
0.4,7600,55,34.0,30
0.4,7600,55,102.0,30
5
5
0.4,7600,60,-170.0,30
0.4,7600,60,-102.0,30
0.4,7600,60,-34.0,30
0.4,7600,60,34.0,30
0.4,7600,60,102.0,30
5
5
0.2,7700,45,-170.0,30
0.2,7700,45,-102.0,30
0.2,7700,45,-34.0,30
0.2,7700,45,34.0,30
0.2,7700,45,102.0,30
5
5
0.2,7700,50,-170.0,30
0.2,7700,50,-102.0,30
0.2,7700,50,-34.0,30
0.2,7700,50,34.0,30
0.2,7700,50,102.0,30
5
5
0.2,7700,55,-170.0,30
0.2,7700,55,-102.0,30
0.2,7700,55,-34.0,30
0.2,7700,55,34.0,30
0.2,7700,55,102.0,30
5
5
0.2,7700,60,-170.0,30
0.2,7700,60,-102.0,30
0.2,7700,60,-34.0,30
0.2,7700,60,34.0,30
0.2,7700,60,102.0,30
5
5
0.3,7700,45,-170.0,30
0.3,7700,45,-102.0,30
0.3,7700,45,-34.0,30
0.3,7700,45,34.0,30
0.3,7700,45,102.0,30
5
5
0.3,7700,50,-170.0,30
0.3,7700,50,-102.0,30
0.3,7700,50,-34.0,30
0.3,7700,50,34.0,30
0.3,7700,50,102.0,30
5
5
0.3,7700,55,-170.0,30
0.3,7700,55,-102.0,30
0.3,7700,55,-34.0,30
0.3,7700,55,34.0,30
0.3,7700,55,102.0,30
5
5
0.3,7700,60,-170.0,30
0.3,7700,60,-102.0,30
0.3,7700,60,-34.0,30
0.3,7700,60,34.0,30
0.3,7700,60,102.0,30
5
5
0.4,7700,45,-170.0,30
0.4,7700,45,-102.0,30
0.4,7700,45,-34.0,30
0.4,7700,45,34.0,30
0.4,7700,45,102.0,30
5
5
0.4,7700,50,-170.0,30
0.4,7700,50,-102.0,30
0.4,7700,50,-34.0,30
0.4,7700,50,34.0,30
0.4,7700,50,102.0,30
5
5
0.4,7700,55,-170.0,30
0.4,7700,55,-102.0,30
0.4,7700,55,-34.0,30
0.4,7700,55,34.0,30
0.4,7700,55,102.0,30
5
5
0.4,7700,60,-170.0,30
0.4,7700,60,-102.0,30
0.4,7700,60,-34.0,30
0.4,7700,60,34.0,30
0.4,7700,60,102.0,30
5
5
0.2,7800,45,-170.0,30
0.2,7800,45,-102.0,30
0.2,7800,45,-34.0,30
0.2,7800,45,34.0,30
0.2,7800,45,102.0,30
5
5
0.2,7800,50,-170.0,30
0.2,7800,50,-102.0,30
0.2,7800,50,-34.0,30
0.2,7800,50,34.0,30
0.2,7800,50,102.0,30
5
5
0.2,7800,55,-170.0,30
0.2,7800,55,-102.0,30
0.2,7800,55,-34.0,30
0.2,7800,55,34.0,30
0.2,7800,55,102.0,30
5
5
0.2,7800,60,-170.0,30
0.2,7800,60,-102.0,30
0.2,7800,60,-34.0,30
0.2,7800,60,34.0,30
0.2,7800,60,102.0,30
5
5
0.3,7800,45,-170.0,30
0.3,7800,45,-102.0,30
0.3,7800,45,-34.0,30
0.3,7800,45,34.0,30
0.3,7800,45,102.0,30
5
5
0.3,7800,50,-170.0,30
0.3,7800,50,-102.0,30
0.3,7800,50,-34.0,30
0.3,7800,50,34.0,30
0.3,7800,50,102.0,30
5
5
0.3,7800,55,-170.0,30
0.3,7800,55,-102.0,30
0.3,7800,55,-34.0,30
0.3,7800,55,34.0,30
0.3,7800,55,102.0,30
5
5
0.3,7800,60,-170.0,30
0.3,7800,60,-102.0,30
0.3,7800,60,-34.0,30
0.3,7800,60,34.0,30
0.3,7800,60,102.0,30
5
5
0.4,7800,45,-170.0,30
0.4,7800,45,-102.0,30
0.4,7800,45,-34.0,30
0.4,7800,45,34.0,30
0.4,7800,45,102.0,30
5
5
0.4,7800,50,-170.0,30
0.4,7800,50,-102.0,30
0.4,7800,50,-34.0,30
0.4,7800,50,34.0,30
0.4,7800,50,102.0,30
5
5
0.4,7800,55,-170.0,30
0.4,7800,55,-102.0,30
0.4,7800,55,-34.0,30
0.4,7800,55,34.0,30
0.4,7800,55,102.0,30
5
5
0.4,7800,60,-170.0,30
0.4,7800,60,-102.0,30
0.4,7800,60,-34.0,30
0.4,7800,60,34.0,30
0.4,7800,60,102.0,30
5
5
0.2,7900,45,-170.0,30
0.2,7900,45,-102.0,30
0.2,7900,45,-34.0,30
0.2,7900,45,34.0,30
0.2,7900,45,102.0,30
5
5
0.2,7900,50,-170.0,30
0.2,7900,50,-102.0,30
0.2,7900,50,-34.0,30
0.2,7900,50,34.0,30
0.2,7900,50,102.0,30
5
5
0.2,7900,55,-170.0,30
0.2,7900,55,-102.0,30
0.2,7900,55,-34.0,30
0.2,7900,55,34.0,30
0.2,7900,55,102.0,30
5
5
0.2,7900,60,-170.0,30
0.2,7900,60,-102.0,30
0.2,7900,60,-34.0,30
0.2,7900,60,34.0,30
0.2,7900,60,102.0,30
5
5
0.3,7900,45,-170.0,30
0.3,7900,45,-102.0,30
0.3,7900,45,-34.0,30
0.3,7900,45,34.0,30
0.3,7900,45,102.0,30
5
5
0.3,7900,50,-170.0,30
0.3,7900,50,-102.0,30
0.3,7900,50,-34.0,30
0.3,7900,50,34.0,30
0.3,7900,50,102.0,30
5
5
0.3,7900,55,-170.0,30
0.3,7900,55,-102.0,30
0.3,7900,55,-34.0,30
0.3,7900,55,34.0,30
0.3,7900,55,102.0,30
5
5
0.3,7900,60,-170.0,30
0.3,7900,60,-102.0,30
0.3,7900,60,-34.0,30
0.3,7900,60,34.0,30
0.3,7900,60,102.0,30
5
5
0.4,7900,45,-170.0,30
0.4,7900,45,-102.0,30
0.4,7900,45,-34.0,30
0.4,7900,45,34.0,30
0.4,7900,45,102.0,30
5
5
0.4,7900,50,-170.0,30
0.4,7900,50,-102.0,30
0.4,7900,50,-34.0,30
0.4,7900,50,34.0,30
0.4,7900,50,102.0,30
5
5
0.4,7900,55,-170.0,30
0.4,7900,55,-102.0,30
0.4,7900,55,-34.0,30
0.4,7900,55,34.0,30
0.4,7900,55,102.0,30
5
5
0.4,7900,60,-170.0,30
0.4,7900,60,-102.0,30
0.4,7900,60,-34.0,30
0.4,7900,60,34.0,30
0.4,7900,60,102.0,30
5
5
0.2,8000,45,-170.0,30
0.2,8000,45,-102.0,30
0.2,8000,45,-34.0,30
0.2,8000,45,34.0,30
0.2,8000,45,102.0,30
5
5
0.2,8000,50,-170.0,30
0.2,8000,50,-102.0,30
0.2,8000,50,-34.0,30
0.2,8000,50,34.0,30
0.2,8000,50,102.0,30
5
5
0.2,8000,55,-170.0,30
0.2,8000,55,-102.0,30
0.2,8000,55,-34.0,30
0.2,8000,55,34.0,30
0.2,8000,55,102.0,30
5
5
0.2,8000,60,-170.0,30
0.2,8000,60,-102.0,30
0.2,8000,60,-34.0,30
0.2,8000,60,34.0,30
0.2,8000,60,102.0,30
5
5
0.3,8000,45,-170.0,30
0.3,8000,45,-102.0,30
0.3,8000,45,-34.0,30
0.3,8000,45,34.0,30
0.3,8000,45,102.0,30
5
5
0.3,8000,50,-170.0,30
0.3,8000,50,-102.0,30
0.3,8000,50,-34.0,30
0.3,8000,50,34.0,30
0.3,8000,50,102.0,30
5
5
0.3,8000,55,-170.0,30
0.3,8000,55,-102.0,30
0.3,8000,55,-34.0,30
0.3,8000,55,34.0,30
0.3,8000,55,102.0,30
5
5
0.3,8000,60,-170.0,30
0.3,8000,60,-102.0,30
0.3,8000,60,-34.0,30
0.3,8000,60,34.0,30
0.3,8000,60,102.0,30
5
5
0.4,8000,45,-170.0,30
0.4,8000,45,-102.0,30
0.4,8000,45,-34.0,30
0.4,8000,45,34.0,30
0.4,8000,45,102.0,30
5
5
0.4,8000,50,-170.0,30
0.4,8000,50,-102.0,30
0.4,8000,50,-34.0,30
0.4,8000,50,34.0,30
0.4,8000,50,102.0,30
5
5
0.4,8000,55,-170.0,30
0.4,8000,55,-102.0,30
0.4,8000,55,-34.0,30
0.4,8000,55,34.0,30
0.4,8000,55,102.0,30
5
5
0.4,8000,60,-170.0,30
0.4,8000,60,-102.0,30
0.4,8000,60,-34.0,30
0.4,8000,60,34.0,30
0.4,8000,60,102.0,30
5
5
0.2,8100,45,-170.0,30
0.2,8100,45,-102.0,30
0.2,8100,45,-34.0,30
0.2,8100,45,34.0,30
0.2,8100,45,102.0,30
5
5
0.2,8100,50,-170.0,30
0.2,8100,50,-102.0,30
0.2,8100,50,-34.0,30
0.2,8100,50,34.0,30
0.2,8100,50,102.0,30
5
5
0.2,8100,55,-170.0,30
0.2,8100,55,-102.0,30
0.2,8100,55,-34.0,30
0.2,8100,55,34.0,30
0.2,8100,55,102.0,30
5
5
0.2,8100,60,-170.0,30
0.2,8100,60,-102.0,30
0.2,8100,60,-34.0,30
0.2,8100,60,34.0,30
0.2,8100,60,102.0,30
5
5
0.3,8100,45,-170.0,30
0.3,8100,45,-102.0,30
0.3,8100,45,-34.0,30
0.3,8100,45,34.0,30
0.3,8100,45,102.0,30
5
5
0.3,8100,50,-170.0,30
0.3,8100,50,-102.0,30
0.3,8100,50,-34.0,30
0.3,8100,50,34.0,30
0.3,8100,50,102.0,30
5
5
0.3,8100,55,-170.0,30
0.3,8100,55,-102.0,30
0.3,8100,55,-34.0,30
0.3,8100,55,34.0,30
0.3,8100,55,102.0,30
5
5
0.3,8100,60,-170.0,30
0.3,8100,60,-102.0,30
0.3,8100,60,-34.0,30
0.3,8100,60,34.0,30
0.3,8100,60,102.0,30
5
5
0.4,8100,45,-170.0,30
0.4,8100,45,-102.0,30
0.4,8100,45,-34.0,30
0.4,8100,45,34.0,30
0.4,8100,45,102.0,30
5
5
0.4,8100,50,-170.0,30
0.4,8100,50,-102.0,30
0.4,8100,50,-34.0,30
0.4,8100,50,34.0,30
0.4,8100,50,102.0,30
5
5
0.4,8100,55,-170.0,30
0.4,8100,55,-102.0,30
0.4,8100,55,-34.0,30
0.4,8100,55,34.0,30
0.4,8100,55,102.0,30
5
5
0.4,8100,60,-170.0,30
0.4,8100,60,-102.0,30
0.4,8100,60,-34.0,30
0.4,8100,60,34.0,30
0.4,8100,60,102.0,30
5
5
0.2,8200,45,-170.0,30
0.2,8200,45,-102.0,30
0.2,8200,45,-34.0,30
0.2,8200,45,34.0,30
0.2,8200,45,102.0,30
5
5
0.2,8200,50,-170.0,30
0.2,8200,50,-102.0,30
0.2,8200,50,-34.0,30
0.2,8200,50,34.0,30
0.2,8200,50,102.0,30
5
5
0.2,8200,55,-170.0,30
0.2,8200,55,-102.0,30
0.2,8200,55,-34.0,30
0.2,8200,55,34.0,30
0.2,8200,55,102.0,30
5
5
0.2,8200,60,-170.0,30
0.2,8200,60,-102.0,30
0.2,8200,60,-34.0,30
0.2,8200,60,34.0,30
0.2,8200,60,102.0,30
5
5
0.3,8200,45,-170.0,30
0.3,8200,45,-102.0,30
0.3,8200,45,-34.0,30
0.3,8200,45,34.0,30
0.3,8200,45,102.0,30
5
5
0.3,8200,50,-170.0,30
0.3,8200,50,-102.0,30
0.3,8200,50,-34.0,30
0.3,8200,50,34.0,30
0.3,8200,50,102.0,30
5
5
0.3,8200,55,-170.0,30
0.3,8200,55,-102.0,30
0.3,8200,55,-34.0,30
0.3,8200,55,34.0,30
0.3,8200,55,102.0,30
5
5
0.3,8200,60,-170.0,30
0.3,8200,60,-102.0,30
0.3,8200,60,-34.0,30
0.3,8200,60,34.0,30
0.3,8200,60,102.0,30
5
5
0.4,8200,45,-170.0,30
0.4,8200,45,-102.0,30
0.4,8200,45,-34.0,30
0.4,8200,45,34.0,30
0.4,8200,45,102.0,30
5
5
0.4,8200,50,-170.0,30
0.4,8200,50,-102.0,30
0.4,8200,50,-34.0,30
0.4,8200,50,34.0,30
0.4,8200,50,102.0,30
5
5
0.4,8200,55,-170.0,30
0.4,8200,55,-102.0,30
0.4,8200,55,-34.0,30
0.4,8200,55,34.0,30
0.4,8200,55,102.0,30
5
5
0.4,8200,60,-170.0,30
0.4,8200,60,-102.0,30
0.4,8200,60,-34.0,30
0.4,8200,60,34.0,30
0.4,8200,60,102.0,30
5
5
0.2,8300,45,-170.0,30
0.2,8300,45,-102.0,30
0.2,8300,45,-34.0,30
0.2,8300,45,34.0,30
0.2,8300,45,102.0,30
5
5
0.2,8300,50,-170.0,30
0.2,8300,50,-102.0,30
0.2,8300,50,-34.0,30
0.2,8300,50,34.0,30
0.2,8300,50,102.0,30
5
5
0.2,8300,55,-170.0,30
0.2,8300,55,-102.0,30
0.2,8300,55,-34.0,30
0.2,8300,55,34.0,30
0.2,8300,55,102.0,30
5
5
0.2,8300,60,-170.0,30
0.2,8300,60,-102.0,30
0.2,8300,60,-34.0,30
0.2,8300,60,34.0,30
0.2,8300,60,102.0,30
5
5
0.3,8300,45,-170.0,30
0.3,8300,45,-102.0,30
0.3,8300,45,-34.0,30
0.3,8300,45,34.0,30
0.3,8300,45,102.0,30
5
5
0.3,8300,50,-170.0,30
0.3,8300,50,-102.0,30
0.3,8300,50,-34.0,30
0.3,8300,50,34.0,30
0.3,8300,50,102.0,30
5
5
0.3,8300,55,-170.0,30
0.3,8300,55,-102.0,30
0.3,8300,55,-34.0,30
0.3,8300,55,34.0,30
0.3,8300,55,102.0,30
5
5
0.3,8300,60,-170.0,30
0.3,8300,60,-102.0,30
0.3,8300,60,-34.0,30
0.3,8300,60,34.0,30
0.3,8300,60,102.0,30
5
5
0.4,8300,45,-170.0,30
0.4,8300,45,-102.0,30
0.4,8300,45,-34.0,30
0.4,8300,45,34.0,30
0.4,8300,45,102.0,30
5
5
0.4,8300,50,-170.0,30
0.4,8300,50,-102.0,30
0.4,8300,50,-34.0,30
0.4,8300,50,34.0,30
0.4,8300,50,102.0,30
5
5
0.4,8300,55,-170.0,30
0.4,8300,55,-102.0,30
0.4,8300,55,-34.0,30
0.4,8300,55,34.0,30
0.4,8300,55,102.0,30
5
5
0.4,8300,60,-170.0,30
0.4,8300,60,-102.0,30
0.4,8300,60,-34.0,30
0.4,8300,60,34.0,30
0.4,8300,60,102.0,30
5
5
0.2,8400,45,-170.0,30
0.2,8400,45,-102.0,30
0.2,8400,45,-34.0,30
0.2,8400,45,34.0,30
0.2,8400,45,102.0,30
5
5
0.2,8400,50,-170.0,30
0.2,8400,50,-102.0,30
0.2,8400,50,-34.0,30
0.2,8400,50,34.0,30
0.2,8400,50,102.0,30
5
5
0.2,8400,55,-170.0,30
0.2,8400,55,-102.0,30
0.2,8400,55,-34.0,30
0.2,8400,55,34.0,30
0.2,8400,55,102.0,30
5
5
0.2,8400,60,-170.0,30
0.2,8400,60,-102.0,30
0.2,8400,60,-34.0,30
0.2,8400,60,34.0,30
0.2,8400,60,102.0,30
5
5
0.3,8400,45,-170.0,30
0.3,8400,45,-102.0,30
0.3,8400,45,-34.0,30
0.3,8400,45,34.0,30
0.3,8400,45,102.0,30
5
5
0.3,8400,50,-170.0,30
0.3,8400,50,-102.0,30
0.3,8400,50,-34.0,30
0.3,8400,50,34.0,30
0.3,8400,50,102.0,30
5
5
0.3,8400,55,-170.0,30
0.3,8400,55,-102.0,30
0.3,8400,55,-34.0,30
0.3,8400,55,34.0,30
0.3,8400,55,102.0,30
5
5
0.3,8400,60,-170.0,30
0.3,8400,60,-102.0,30
0.3,8400,60,-34.0,30
0.3,8400,60,34.0,30
0.3,8400,60,102.0,30
5
5
0.4,8400,45,-170.0,30
0.4,8400,45,-102.0,30
0.4,8400,45,-34.0,30
0.4,8400,45,34.0,30
0.4,8400,45,102.0,30
5
5
0.4,8400,50,-170.0,30
0.4,8400,50,-102.0,30
0.4,8400,50,-34.0,30
0.4,8400,50,34.0,30
0.4,8400,50,102.0,30
5
5
0.4,8400,55,-170.0,30
0.4,8400,55,-102.0,30
0.4,8400,55,-34.0,30
0.4,8400,55,34.0,30
0.4,8400,55,102.0,30
5
5
0.4,8400,60,-170.0,30
0.4,8400,60,-102.0,30
0.4,8400,60,-34.0,30
0.4,8400,60,34.0,30
0.4,8400,60,102.0,30
