4,4
0.4,7900.0,50.0,-170.0,30.0,
0.4,7900.0,50.0,-85.0,30.0,
0.4,7900.0,50.0,0.0,30.0,
0.4,7900.0,50.0,85.0,30.0,
13138.5299759513036406,0.6945245291606109,40.88634790075546,160.375552995026,62.43035192244479,276.0460051810855,
13133.2353039514928241,0.6950607723452705,40.99404992572318,160.9979855660173,61.9529397451809,121.3027674507258,
13190.8339562455130363,0.6918106219748670,40.53091831057283,160.4352054777241,62.53423225694564,188.7290483916767,
13183.0093684063776891,0.6930229442784653,40.626664384897,160.0012686379474,62.76487064109968,222.0984331481196,
13092.9542024384099932,0.5921205003945269,40.88287071740731,248.1776263980416,53.08211133248488,224.7788163708393,
13137.2661350495254737,0.5975277772122933,40.50868752409303,247.2619606180257,54.01456274358632,223.6507302979863,
13017.8381051266896975,0.6021691316064863,40.73731731040081,248.2248324199536,52.44495685675639,193.4009735192245,
13209.8326943336214754,0.5898518306918411,40.83691623657899,248.51599640167,52.32888682692438,186.6152613196268,
13175.4785154222645360,0.6304508242044827,39.08704219933376,326.9274025827673,66.74150766973835,252.3728531418073,
13114.4306441140397510,0.6322818754825585,39.32210191152491,328.1668175181458,65.88058347913233,121.2928786948759,
13178.7986490601670084,0.6278683446388116,39.09770830682033,327.8507160132081,66.24128100849896,186.7996897888377,
13217.3377387507607637,0.6282468979817972,38.99400410831217,326.9373678816305,66.78856778929347,223.9196507128546,
13073.5661601541942218,0.5711187860923745,45.19362427738435,61.8287791764903,56.50859340142917,221.3037242635905,
13130.3580223404514982,0.5762586568636253,44.87973343119555,61.0361129014218,57.5117626947472,213.2125130737919,
13020.4826951634368015,0.5809034267945576,44.97333235913966,61.60714311346083,56.16815012391022,192.8134430004865,
13282.2447365436401014,0.5670507976131988,45.09590176424943,62.01162956931384,55.79243780925187,179.8505982230298,
1027.2046867054094,580.6699715540859,-1275.2378898644045
1027.2046867054094,580.6699715540859,-1275.2378898644045
15026.866490202132,-2033.2067147140367,2810.240443500631
1027.2046867054094,580.6699715540859,-1275.2378898644045
3028.218128817501,13783.160964902952,-6220.326855502141
1027.2046867054094,580.6699715540859,-1275.2378898644045
1027.2046867054094,580.6699715540859,-1275.2378898644045
1027.2046867054094,580.6699715540859,-1275.2378898644045
1027.2046867054094,580.6699715540859,-1275.2378898644045
-6354.212001301086,17303.30709639092,-85.62212497941964
1027.2046867054094,580.6699715540859,-1275.2378898644045
1027.2046867054094,580.6699715540859,-1275.2378898644045
1027.2046867054094,580.6699715540859,-1275.2378898644045
1027.2046867054094,580.6699715540859,-1275.2378898644045
-1647.1787149733368,5260.607891598388,5658.869753916547
1027.2046867054094,580.6699715540859,-1275.2378898644045
-7019.557657595035,-7182.037091487907,4633.330714312398
1027.2046867054094,580.6699715540859,-1275.2378898644045
7019.557657595037,7182.037091487907,-4633.3307143124

1021.0656998825555,590.7154015749067,-1275.554354336006
1021.0656998825555,590.7154015749067,-1275.554354336006
15897.280019841157,-574.0033589421546,2218.1883988938775
1021.0656998825555,590.7154015749067,-1275.554354336006
1197.830893357812,13280.368762323633,-6202.895443866322
1021.0656998825555,590.7154015749067,-1275.554354336006
1021.0656998825555,590.7154015749067,-1275.554354336006
1021.0656998825555,590.7154015749067,-1275.554354336006
1021.0656998825555,590.7154015749067,-1275.554354336006
-7072.770741632955,16935.234495253426,-1275.4356294637955
1021.0656998825555,590.7154015749067,-1275.554354336006
1021.0656998825555,590.7154015749067,-1275.554354336006
1021.0656998825555,590.7154015749067,-1275.554354336006
1021.0656998825555,590.7154015749067,-1275.554354336006
-3629.0841466356233,2796.410683020105,6679.1472485519835
1021.0656998825555,590.7154015749067,-1275.554354336006
-6975.934021793026,-9230.569297207445,3227.027073297718
1021.0656998825555,590.7154015749067,-1275.554354336006
5741.1584420879635,7962.857514611987,-2414.8381799780855

1014.8307084963903,600.7016877332796,-1275.8663235022332
1014.8307084963903,600.7016877332796,-1275.8663235022332
16523.071480535345,893.1310341233603,1590.9661415697196
1014.8307084963903,600.7016877332796,-1275.8663235022332
-656.5644261878355,12512.408048944062,-6059.784781343085
1014.8307084963903,600.7016877332796,-1275.8663235022332
1014.8307084963903,600.7016877332796,-1275.8663235022332
1014.8307084963903,600.7016877332796,-1275.8663235022332
1014.8307084963903,600.7016877332796,-1275.8663235022332
-7720.336921267945,16396.4032461685,-2449.975413433334
1014.8307084963903,600.7016877332796,-1275.8663235022332
1014.8307084963903,600.7016877332796,-1275.8663235022332
1014.8307084963903,600.7016877332796,-1275.8663235022332
1014.8307084963903,600.7016877332796,-1275.8663235022332
-5190.206510888039,-2.141156744691543,6917.117232919226
1014.8307084963903,600.7016877332796,-1275.8663235022332
-6674.322372613992,-10942.015316220855,1699.140995734118
1014.8307084963903,600.7016877332796,-1275.8663235022332
4112.296068520409,8251.435836956902,-53.50213723088382

1008.5002848572003,610.6279129228458,-1276.1737684980192
1008.5002848572003,610.6279129228458,-1276.1737684980192
16919.373219248377,2346.8852493226896,940.7539566785347
1008.5002848572003,610.6279129228458,-1276.1737684980192
-2494.9830850517583,11449.900207550403,-5772.075523848198
1008.5002848572003,610.6279129228458,-1276.1737684980192
1008.5002848572003,610.6279129228458,-1276.1737684980192
1008.5002848572003,610.6279129228458,-1276.1737684980192
3898.261313004118,8769.731370835629,9909.267061784458
1008.5002848572003,610.6279129228458,-1276.1737684980192
-8288.75173722714,15689.17650617628,-3596.7595581429546
1008.5002848572003,610.6279129228458,-1276.1737684980192
1008.5002848572003,610.6279129228458,-1276.1737684980192
1008.5002848572003,610.6279129228458,-1276.1737684980192
1008.5002848572003,610.6279129228458,-1276.1737684980192
-6250.999144554889,-2810.053064120132,6481.0318771081265
1008.5002848572003,610.6279129228458,-1276.1737684980192
1008.5002848572003,610.6279129228458,-1276.1737684980192

1002.075010040451,620.4931655505611,-1276.4766608745633
1002.075010040451,620.4931655505611,-1276.4766608745633
17099.91709001687,3769.7212723248044,277.7829779398055
1002.075010040451,620.4931655505611,-1276.4766608745633
-4260.972223783199,10061.747231170493,-5318.131113888352
1002.075010040451,620.4931655505611,-1276.4766608745633
1002.075010040451,620.4931655505611,-1276.4766608745633
1002.075010040451,620.4931655505611,-1276.4766608745633
3015.002490326801,10575.404865994946,9596.851557184034
1002.075010040451,620.4931655505611,-1276.4766608745633
-8769.328198491183,14815.77855874797,-4702.704007051796
1002.075010040451,620.4931655505611,-1276.4766608745633
1002.075010040451,620.4931655505611,-1276.4766608745633
1002.075010040451,620.4931655505611,-1276.4766608745633
1002.075010040451,620.4931655505611,-1276.4766608745633
-6841.7960763327055,-5413.885574848712,5552.320382546515
1002.075010040451,620.4931655505611,-1276.4766608745633
1002.075010040451,620.4931655505611,-1276.4766608745633

995.555473834318,630.296539619148,-1276.7749726019283
995.555473834318,630.296539619148,-1276.7749726019283
17077.0718897908,5146.758168835632,-389.1320700379801
995.555473834318,630.296539619148,-1276.7749726019283
-5873.727428996636,8318.890552802755,-4674.490677810809
995.555473834318,630.296539619148,-1276.7749726019283
995.555473834318,630.296539619148,-1276.7749726019283
995.555473834318,630.296539619148,-1276.7749726019283
2067.760406468923,12166.92623511017,9088.085533435102
995.555473834318,630.296539619148,-1276.7749726019283
-9152.63464709507,13778.448772437088,-5753.745558862041
995.555473834318,630.296539619148,-1276.7749726019283
995.555473834318,630.296539619148,-1276.7749726019283
995.555473834318,630.296539619148,-1276.7749726019283
995.555473834318,630.296539619148,-1276.7749726019283
-7039.08131826252,-7711.666248141315,4300.567784405474
995.555473834318,630.296539619148,-1276.7749726019283
995.555473834318,630.296539619148,-1276.7749726019283

988.9422746852302,640.0371348109314,-1277.0686760716578
12589.91531384318,-4740.873813862011,3783.2313516150666
988.9422746852302,640.0371348109314,-1277.0686760716578
16861.96985029053,6464.954357090171,-1052.1900723995552
988.9422746852302,640.0371348109314,-1277.0686760716578
988.9422746852302,640.0371348109314,-1277.0686760716578
988.9422746852302,640.0371348109314,-1277.0686760716578
988.9422746852302,640.0371348109314,-1277.0686760716578
1081.7040644995004,13545.628116095599,8419.061659607065
988.9422746852302,640.0371348109314,-1277.0686760716578
-9428.25240978793,12579.665873532602,-6734.394963504897
988.9422746852302,640.0371348109314,-1277.0686760716578
988.9422746852302,640.0371348109314,-1277.0686760716578
988.9422746852302,640.0371348109314,-1277.0686760716578
988.9422746852302,640.0371348109314,-1277.0686760716578
-6923.873179356942,-9671.468539049838,2855.2539355809586
988.9422746852302,640.0371348109314,-1277.0686760716578
988.9422746852302,640.0371348109314,-1277.0686760716578

982.23601964193,649.714056572055,-1277.3577440993824
13982.291599131591,-3386.5247193400346,3297.210283180778
982.23601964193,649.714056572055,-1277.3577440993824
16464.671269569506,7712.491464314729,-1704.2912627601027
982.23601964193,649.714056572055,-1277.3577440993824
982.23601964193,649.714056572055,-1277.3577440993824
982.23601964193,649.714056572055,-1277.3577440993824
4494.015540016022,7267.941138922805,9968.29643357893
982.23601964193,649.714056572055,-1277.3577440993824
76.52451421999291,14715.549301406143,7619.548502327494
982.23601964193,649.714056572055,-1277.3577440993824
-9584.497516415055,11222.481711520646,-7627.186764538329
982.23601964193,649.714056572055,-1277.3577440993824
982.23601964193,649.714056572055,-1277.3577440993824
982.23601964193,649.714056572055,-1277.3577440993824
982.23601964193,649.714056572055,-1277.3577440993824
-6566.048816080288,-11296.527577904937,1307.808494848088
982.23601964193,649.714056572055,-1277.3577440993824
982.23601964193,649.714056572055,-1277.3577440993824

975.4373243019086,659.3264161915719,-1277.6421499272446
15098.123477190464,-1965.7646638369984,2744.4339153569836
975.4373243019086,659.3264161915719,-1277.6421499272446
15894.344744209124,8878.293227642172,-2338.7868594706765
975.4373243019086,659.3264161915719,-1277.6421499272446
975.4373243019086,659.3264161915719,-1277.6421499272446
975.4373243019086,659.3264161915719,-1277.6421499272446
3676.4265454794245,9229.855766893246,9825.543469990786
975.4373243019086,659.3264161915719,-1277.6421499272446
-932.0081518605707,15681.957315038257,6714.4134368524665
975.4373243019086,659.3264161915719,-1277.6421499272446
-9608.098144494388,9711.029252837054,-8411.982273207674
975.4373243019086,659.3264161915719,-1277.6421499272446
975.4373243019086,659.3264161915719,-1277.6421499272446
975.4373243019086,659.3264161915719,-1277.6421499272446
975.4373243019086,659.3264161915719,-1277.6421499272446
-6021.684229079167,-12605.100540103525,-278.676634519713
975.4373243019086,659.3264161915719,-1277.6421499272446
975.4373243019086,659.3264161915719,-1277.6421499272446

968.5468127532727,668.873330885544,-1277.9218672264574
15954.444568771176,-512.1132326885739,2143.149987216765
968.5468127532727,668.873330885544,-1277.9218672264574
15159.455539913617,9951.632908539776,-2949.2695412778526
968.5468127532727,668.873330885544,-1277.9218672264574
968.5468127532727,668.873330885544,-1277.9218672264574
968.5468127532727,668.873330885544,-1277.9218672264574
2770.719230730955,10978.749284667583,9453.357479609265
968.5468127532727,668.873330885544,-1277.9218672264574
-1930.9374333876085,16450.531660480283,5724.752808070564
968.5468127532727,668.873330885544,-1277.9218672264574
-9483.825547051934,8051.312916292261,-9065.068981548433
968.5468127532727,668.873330885544,-1277.9218672264574
968.5468127532727,668.873330885544,-1277.9218672264574
968.5468127532727,668.873330885544,-1277.9218672264574
968.5468127532727,668.873330885544,-1277.9218672264574
-5334.8071300395895,-13620.487000737097,-1860.537712514317
968.5468127532727,668.873330885544,-1277.9218672264574
968.5468127532727,668.873330885544,-1277.9218672264574

961.5651175176902,678.3539238778194,-1278.196870099734
16567.541602835434,948.2510575131914,1508.025425501305
961.5651175176902,678.3539238778194,-1278.196870099734
14267.963354792546,10921.795726266202,-3529.3887901749495
961.5651175176902,678.3539238778194,-1278.196870099734
961.5651175176902,678.3539238778194,-1278.196870099734
12712.14699910899,-4618.273142645648,3736.076514412513
961.5651175176902,678.3539238778194,-1278.196870099734
1807.7206825460567,12512.065989595598,8893.788951778815
961.5651175176902,678.3539238778194,-1278.196870099734
-2909.3251700589103,17026.917941672324,4668.77421118067
961.5651175176902,678.3539238778194,-1278.196870099734
-9194.093318658437,6252.464009086834,-9557.986276118556
961.5651175176902,678.3539238778194,-1278.196870099734
961.5651175176902,678.3539238778194,-1278.196870099734
961.5651175176902,678.3539238778194,-1278.196870099734
961.5651175176902,678.3539238778194,-1278.196870099734
-4540.00310380459,-14366.4980452904,-3407.079247809475
961.5651175176902,678.3539238778194,-1278.196870099734
961.5651175176902,678.3539238778194,-1278.196870099734

954.4928794932499,687.7673244793897,-1278.4671330836577
16952.428221405688,2394.347811395061,851.1051104870996
954.4928794932499,687.7673244793897,-1278.4671330836577
13227.536709154987,11777.771114651938,-4072.6783237325535
954.4928794932499,687.7673244793897,-1278.4671330836577
954.4928794932499,687.7673244793897,-1278.4671330836577
14082.004716554478,-3255.154825978748,3242.3367912457948
954.4928794932499,687.7673244793897,-1278.4671330836577
811.2087355057139,13831.850567122938,8181.332765338782
954.4928794932499,687.7673244793897,-1278.4671330836577
-3857.6705424965216,17416.49256972067,3562.4861435994258
954.4928794932499,687.7673244793897,-1278.4671330836577
-8718.584459738317,4328.77548217364,-9856.003539389703
954.4928794932499,687.7673244793897,-1278.4671330836577
954.4928794932499,687.7673244793897,-1278.4671330836577
954.4928794932499,687.7673244793897,-1278.4671330836577
954.4928794932499,687.7673244793897,-1278.4671330836577
954.4928794932499,687.7673244793897,-1278.4671330836577
954.4928794932499,687.7673244793897,-1278.4671330836577

947.3307478945616,697.1126681698953,-1278.732631151086
17122.70762824779,3808.8772223994956,182.51967578510707
947.3307478945616,697.1126681698953,-1278.732631151086
12045.796598146726,12507.954796900718,-4572.38464642191
947.3307478945616,697.1126681698953,-1278.732631151086
947.3307478945616,697.1126681698953,-1278.732631151086
15176.432107662327,-1828.994976248733,2683.593607663165
947.3307478945616,697.1126681698953,-1278.732631151086
-200.08030529957125,14942.435307997855,7344.555874519255
947.3307478945616,697.1126681698953,-1278.732631151086
-4767.475675240986,17624.24863942251,2420.2440572071514
947.3307478945616,697.1126681698953,-1278.732631151086
-8034.075479643643,2303.0576766012623,-9916.214990460485
947.3307478945616,697.1126681698953,-1278.732631151086
4379.393996372502,7707.9499966601825,10024.548437068952
947.3307478945616,697.1126681698953,-1278.732631151086
-13110.37905304808,-2571.0767542603644,-11999.081079004964
947.3307478945616,697.1126681698953,-1278.732631151086
-14988.563072001094,1879.274985765879,3613.2285231566993
947.3307478945616,697.1126681698953,-1278.732631151086
947.3307478945616,697.1126681698953,-1278.732631151086
947.3307478945616,697.1126681698953,-1278.732631151086

940.0793801947735,706.3890966750046,-1278.9933397134182
17090.619202081707,5177.130142942428,-488.9882636971297
940.0793801947735,706.3890966750046,-1278.9933397134182
10730.608513908544,13099.843849100067,-5021.286489417161
940.0793801947735,706.3890966750046,-1278.9933397134182
940.0793801947735,706.3890966750046,-1278.9933397134182
16012.590553879836,-372.6762456621956,2077.7992058207974
940.0793801947735,706.3890966750046,-1278.9933397134182
-1211.020850292692,15849.155647345568,6407.4412225565575
940.0793801947735,706.3890966750046,-1278.9933397134182
-5630.911274996887,17654.75287195106,1255.1923265184173
940.0793801947735,706.3890966750046,-1278.9933397134182
940.0793801947735,706.3890966750046,-1278.9933397134182
3546.7924332505468,9620.988151422795,9838.8563941954
940.0793801947735,706.3890966750046,-1278.9933397134182
-11851.671200135072,-2852.274457005227,-12777.765355346077
940.0793801947735,706.3890966750046,-1278.9933397134182
-15951.29295564116,1533.6687268707733,2150.0763765149923
940.0793801947735,706.3890966750046,-1278.9933397134182
940.0793801947735,706.3890966750046,-1278.9933397134182
940.0793801947735,706.3890966750046,-1278.9933397134182

932.739442062732,715.5957580485336,-1279.2492346229676
16867.168460948007,6486.188004113017,-1155.6659758374924
932.739442062732,715.5957580485336,-1279.2492346229676
9290.450966969558,13539.709963039968,-5411.494823809902
932.739442062732,715.5957580485336,-1279.2492346229676
932.739442062732,715.5957580485336,-1279.2492346229676
16606.812177619882,1088.0947490256262,1439.3947580554182
932.739442062732,715.5957580485336,-1279.2492346229676
-2209.0773195698853,16557.640168314214,5390.450368318323
932.739442062732,715.5957580485336,-1279.2492346229676
-6440.549854706361,17512.145704700528,79.63316029832232
932.739442062732,715.5957580485336,-1279.2492346229676
932.739442062732,715.5957580485336,-1279.2492346229676
2633.141042608533,11322.733033001203,9434.732475400078
932.739442062732,715.5957580485336,-1279.2492346229676
-10454.951542508632,-3100.62465963512,-13407.886057171669
932.739442062732,715.5957580485336,-1279.2492346229676
-16674.037647849276,1166.9725266995192,655.1461515317977
932.739442062732,715.5957580485336,-1279.2492346229676
932.739442062732,715.5957580485336,-1279.2492346229676
932.739442062732,715.5957580485336,-1279.2492346229676

925.3116073048784,724.7318067469491,-1279.5002921750997
16462.292374511188,7724.318283008561,-1810.441401641739
925.3116073048784,724.7318067469491,-1279.5002921750997
7734.902395689067,13812.238127966328,-5734.222498726626
925.3116073048784,724.7318067469491,-1279.5002921750997
925.3116073048784,724.7318067469491,-1279.5002921750997
16974.116200930745,2532.6925315969893,780.2517124031473
925.3116073048784,724.7318067469491,-1279.5002921750997
-3183.5673418322062,17073.42458577979,4311.353867233394
925.3116073048784,724.7318067469491,-1279.5002921750997
-7189.143463942799,17200.169679286417,-1094.6530104501946
925.3116073048784,724.7318067469491,-1279.5002921750997
925.3116073048784,724.7318067469491,-1279.5002921750997
1667.1408524716874,12811.694546180186,8851.746693575235
925.3116073048784,724.7318067469491,-1279.5002921750997
-8928.30494234299,-3311.040114101475,-13871.843574244866
925.3116073048784,724.7318067469491,-1279.5002921750997
-17170.10967609385,786.3621450673257,-847.9113066971812
925.3116073048784,724.7318067469491,-1279.5002921750997
925.3116073048784,724.7318067469491,-1279.5002921750997
925.3116073048784,724.7318067469491,-1279.5002921750997

