4,4
0.3,8100.0,60.0,-170.0,30.0,
0.3,8100.0,60.0,-85.0,30.0,
0.3,8100.0,60.0,0.0,30.0,
0.3,8100.0,60.0,85.0,30.0,
11562.7599691526684182,0.5520118636077725,56.75861848904017,178.4930559659518,46.67575615654713,91.4004738876344,
11549.9314076927785209,0.5507363165189852,56.75824077830059,178.7702404062989,46.45129772884651,148.7172717554421,
11586.5271351448645873,0.5497742940754478,56.35296472140422,178.2613958072501,46.82166615222336,201.6833312660123,
11568.0174573037220398,0.5518707695728747,56.60367647449839,178.3450355188781,46.91112129679849,299.9019697862299,
11552.3871502745278121,0.4888385855471774,56.17427306509443,262.4718766556843,39.27847442741177,9.973786317899258,
11573.9776582329886878,0.4944911274593580,55.95944523476573,262.2264619101069,39.56181009884865,52.99115700677238,
11476.8096258892855985,0.5012346612469315,56.22054780408831,262.4914917719288,39.6108802109746,204.7736525326797,
11539.3590186757410265,0.4933794330587161,56.24961446280923,262.5875383064269,39.62517923294524,218.0781116988205,
11583.5048411449606647,0.5211338720257824,54.82146782308945,345.5852013724647,48.23056729493233,60.39664416337684,
11529.0792135247593251,0.5186930036563581,54.97781987485112,346.042012067545,47.7199259321613,150.4229319992816,
11592.6028094440644054,0.5143181078416416,54.66121045754564,345.6396542770416,48.02794371962865,200.5213630726906,
11567.2042699854373495,0.5185116519886342,54.7699245381533,345.5235961267671,48.37968609028004,297.9771742494429,
11551.2906019644688058,0.4615330853755741,58.55989352446113,72.86594854816795,44.82742529324033,357.0395178441906,
11591.0149810197290208,0.4680788685574733,58.38355280833108,72.61835846161098,45.26914976235936,358.3232310884731,
11471.9727525924154179,0.4754888797760929,58.50517037465673,72.74116386416962,45.53539061479479,205.7618659604574,
11551.5982141124022746,0.4677023301524149,58.5676899240648,72.89915174467228,45.3813554060826,209.5435488730228,
1027.2046867054094,580.6699715540859,-1275.2378898644045
1027.2046867054094,580.6699715540859,-1275.2378898644045
12953.578516147305,-1457.316112652251,2951.1295432759953
1027.2046867054094,580.6699715540859,-1275.2378898644045
2882.492686662695,10807.669627888232,-7315.302135465333
1027.2046867054094,580.6699715540859,-1275.2378898644045
1027.2046867054094,580.6699715540859,-1275.2378898644045
1027.2046867054094,580.6699715540859,-1275.2378898644045
1027.2046867054094,580.6699715540859,-1275.2378898644045
-4095.52305064341,14456.871117055362,-716.3235769589888
1027.2046867054094,580.6699715540859,-1275.2378898644045
1027.2046867054094,580.6699715540859,-1275.2378898644045
1027.2046867054094,580.6699715540859,-1275.2378898644045
1027.2046867054094,580.6699715540859,-1275.2378898644045
8366.433326958118,-680.6439599909291,-2237.5169612269997
1027.2046867054094,580.6699715540859,-1275.2378898644045
-1125.327930443636,5149.603997770014,6150.220785883592
1027.2046867054094,580.6699715540859,-1275.2378898644045
2089.8947279667523,-9563.550281572889,-11421.838602355247
1027.2046867054094,580.6699715540859,-1275.2378898644045

1021.0656998825555,590.7154015749067,-1275.554354336006
1021.0656998825555,590.7154015749067,-1275.554354336006
13706.060079892915,62.6974196641834,1972.65221550431
1021.0656998825555,590.7154015749067,-1275.554354336006
863.4774640239788,10448.767744250481,-7354.924104987202
1021.0656998825555,590.7154015749067,-1275.554354336006
1021.0656998825555,590.7154015749067,-1275.554354336006
1021.0656998825555,590.7154015749067,-1275.554354336006
1021.0656998825555,590.7154015749067,-1275.554354336006
-4738.3748478946645,14053.163532209226,-2258.768583670524
1021.0656998825555,590.7154015749067,-1275.554354336006
1021.0656998825555,590.7154015749067,-1275.554354336006
1021.0656998825555,590.7154015749067,-1275.554354336006
1021.0656998825555,590.7154015749067,-1275.554354336006
8219.51222871931,-370.55626714657217,820.0778998874579
1021.0656998825555,590.7154015749067,-1275.554354336006
-2669.5736792615667,2651.2921924700636,7334.240674753682
1021.0656998825555,590.7154015749067,-1275.554354336006
2952.3770569084536,-8272.709108961837,-12161.233968414224
1021.0656998825555,590.7154015749067,-1275.554354336006

1014.8307084963903,600.7016877332796,-1275.8663235022332
1014.8307084963903,600.7016877332796,-1275.8663235022332
14129.936861798635,1580.7229228004064,945.8052421866008
1014.8307084963903,600.7016877332796,-1275.8663235022332
-1180.8700928111352,9773.918906231607,-7170.605649506238
1014.8307084963903,600.7016877332796,-1275.8663235022332
1014.8307084963903,600.7016877332796,-1275.8663235022332
1014.8307084963903,600.7016877332796,-1275.8663235022332
1014.8307084963903,600.7016877332796,-1275.8663235022332
-5293.011463863043,13386.495579738343,-3756.820666859727
1014.8307084963903,600.7016877332796,-1275.8663235022332
1014.8307084963903,600.7016877332796,-1275.8663235022332
1014.8307084963903,600.7016877332796,-1275.8663235022332
1014.8307084963903,600.7016877332796,-1275.8663235022332
7163.815624503332,-20.820438285969665,3780.413571964727
1014.8307084963903,600.7016877332796,-1275.8663235022332
-3918.871696372586,-146.77944527757353,7700.941946981033
1014.8307084963903,600.7016877332796,-1275.8663235022332
3760.4129110736967,-6828.345057105986,-12672.229683666945
1014.8307084963903,600.7016877332796,-1275.8663235022332

1008.5002848572003,610.6279129228458,-1276.1737684980192
1008.5002848572003,610.6279129228458,-1276.1737684980192
14242.730002454395,3063.335169495663,-102.7183026211746
1008.5002848572003,610.6279129228458,-1276.1737684980192
-3182.1854860045746,8755.95448399623,-6732.784517340558
1008.5002848572003,610.6279129228458,-1276.1737684980192
1008.5002848572003,610.6279129228458,-1276.1737684980192
1008.5002848572003,610.6279129228458,-1276.1737684980192
1008.5002848572003,610.6279129228458,-1276.1737684980192
-5746.296163297527,12462.89812694442,-5180.404434147338
1008.5002848572003,610.6279129228458,-1276.1737684980192
1008.5002848572003,610.6279129228458,-1276.1737684980192
1008.5002848572003,610.6279129228458,-1276.1737684980192
1008.5002848572003,610.6279129228458,-1276.1737684980192
5267.210280356369,330.9803724902649,6296.037137780963
1008.5002848572003,610.6279129228458,-1276.1737684980192
1008.5002848572003,610.6279129228458,-1276.1737684980192
1008.5002848572003,610.6279129228458,-1276.1737684980192

1002.075010040451,620.4931655505611,-1276.4766608745633
1002.075010040451,620.4931655505611,-1276.4766608745633
14061.986499318937,4482.151630645921,-1149.7889058032638
1002.075010040451,620.4931655505611,-1276.4766608745633
-5048.0271203189195,7373.144799638523,-6012.384433606864
1002.075010040451,620.4931655505611,-1276.4766608745633
1002.075010040451,620.4931655505611,-1276.4766608745633
1002.075010040451,620.4931655505611,-1276.4766608745633
1456.3684176495506,10061.230897567637,8409.172675853553
1002.075010040451,620.4931655505611,-1276.4766608745633
-6084.502632804133,11289.680538914665,-6497.668791822506
1002.075010040451,620.4931655505611,-1276.4766608745633
1002.075010040451,620.4931655505611,-1276.4766608745633
1002.075010040451,620.4931655505611,-1276.4766608745633
1002.075010040451,620.4931655505611,-1276.4766608745633
2772.525829061563,646.1658627339895,8105.142950232284
1002.075010040451,620.4931655505611,-1276.4766608745633
1002.075010040451,620.4931655505611,-1276.4766608745633
1002.075010040451,620.4931655505611,-1276.4766608745633

995.555473834318,630.296539619148,-1276.7749726019283
995.555473834318,630.296539619148,-1276.7749726019283
13604.91085669698,5812.233894612089,-2174.758137374483
995.555473834318,630.296539619148,-1276.7749726019283
-6654.084337659653,5618.319888770983,-4986.263020281358
995.555473834318,630.296539619148,-1276.7749726019283
995.555473834318,630.296539619148,-1276.7749726019283
995.555473834318,630.296539619148,-1276.7749726019283
577.3929509075297,11530.817390758824,7389.412812965615
995.555473834318,630.296539619148,-1276.7749726019283
-6293.000832339459,9876.217718147109,-7673.920752936898
995.555473834318,630.296539619148,-1276.7749726019283
995.555473834318,630.296539619148,-1276.7749726019283
995.555473834318,630.296539619148,-1276.7749726019283
995.555473834318,630.296539619148,-1276.7749726019283
-4.960441201822338,898.6230704185739,9114.101044795318
995.555473834318,630.296539619148,-1276.7749726019283
995.555473834318,630.296539619148,-1276.7749726019283
995.555473834318,630.296539619148,-1276.7749726019283

988.9422746852302,640.0371348109314,-1277.0686760716578
11755.820238065642,-3059.660607888317,3900.2927544475456
988.9422746852302,640.0371348109314,-1277.0686760716578
12888.359356584753,7030.8568771052405,-3158.58370394145
988.9422746852302,640.0371348109314,-1277.0686760716578
988.9422746852302,640.0371348109314,-1277.0686760716578
988.9422746852302,640.0371348109314,-1277.0686760716578
988.9422746852302,640.0371348109314,-1277.0686760716578
-317.8539903612394,12717.992781549552,6187.543066176758
988.9422746852302,640.0371348109314,-1277.0686760716578
-6355.991725838522,8235.201623459447,-8670.414772529335
988.9422746852302,640.0371348109314,-1277.0686760716578
988.9422746852302,640.0371348109314,-1277.0686760716578
988.9422746852302,640.0371348109314,-1277.0686760716578
988.9422746852302,640.0371348109314,-1277.0686760716578
-2790.568069789058,1078.6918382262224,9374.57294938948
988.9422746852302,640.0371348109314,-1277.0686760716578
988.9422746852302,640.0371348109314,-1277.0686760716578
988.9422746852302,640.0371348109314,-1277.0686760716578

982.23601964193,649.714056572055,-1277.3577440993824
12880.905352247273,-1587.2149720590419,3003.5011367191755
982.23601964193,649.714056572055,-1277.3577440993824
11929.071376942236,8116.535664337416,-4083.102617459157
982.23601964193,649.714056572055,-1277.3577440993824
982.23601964193,649.714056572055,-1277.3577440993824
982.23601964193,649.714056572055,-1277.3577440993824
982.23601964193,649.714056572055,-1277.3577440993824
-1207.9385942962545,13621.676638110497,4847.344281342317
982.23601964193,649.714056572055,-1277.3577440993824
-6256.348355271771,6384.604592741226,-9442.984235152097
982.23601964193,649.714056572055,-1277.3577440993824
982.23601964193,649.714056572055,-1277.3577440993824
982.23601964193,649.714056572055,-1277.3577440993824
982.23601964193,649.714056572055,-1277.3577440993824
-5397.439861874238,1188.5530695808916,9010.571319145889
982.23601964193,649.714056572055,-1277.3577440993824
982.23601964193,649.714056572055,-1277.3577440993824
982.23601964193,649.714056572055,-1277.3577440993824

975.4373243019086,659.3264161915719,-1277.6421499272446
13659.629721604648,-72.4234198678194,2024.449933883551
975.4373243019086,659.3264161915719,-1277.6421499272446
10744.087770975786,9048.228526973655,-4930.402219451738
975.4373243019086,659.3264161915719,-1277.6421499272446
975.4373243019086,659.3264161915719,-1277.6421499272446
975.4373243019086,659.3264161915719,-1277.6421499272446
2154.3890362238476,8607.999849394835,9057.4592232037
975.4373243019086,659.3264161915719,-1277.6421499272446
-2074.79677494878,14243.807458249526,3407.1446394622517
975.4373243019086,659.3264161915719,-1277.6421499272446
-5975.6992820762625,4350.753612430364,-9940.58217800793
975.4373243019086,659.3264161915719,-1277.6421499272446
975.4373243019086,659.3264161915719,-1277.6421499272446
975.4373243019086,659.3264161915719,-1277.6421499272446
975.4373243019086,659.3264161915719,-1277.6421499272446
-7718.908093886609,1236.1065129182036,8160.486988617904
975.4373243019086,659.3264161915719,-1277.6421499272446
975.4373243019086,659.3264161915719,-1277.6421499272446
975.4373243019086,659.3264161915719,-1277.6421499272446

968.5468127532727,668.873330885544,-1277.9218672264574
14108.33992587387,1443.4920864994751,995.2800527715599
968.5468127532727,668.873330885544,-1277.9218672264574
9351.356951747533,9804.659658329569,-5682.249144993985
968.5468127532727,668.873330885544,-1277.9218672264574
968.5468127532727,668.873330885544,-1277.9218672264574
968.5468127532727,668.873330885544,-1277.9218672264574
1305.5476780112856,10306.103494627809,8220.833947907366
968.5468127532727,668.873330885544,-1277.9218672264574
-2902.7415814235037,14588.045389761544,1901.1697145164953
968.5468127532727,668.873330885544,-1277.9218672264574
-5495.048661515574,2173.129928883205,-10104.008068611654
968.5468127532727,668.873330885544,-1277.9218672264574
968.5468127532727,668.873330885544,-1277.9218672264574
968.5468127532727,668.873330885544,-1277.9218672264574
968.5468127532727,668.873330885544,-1277.9218672264574
-9703.500135311497,1230.8867989396072,6949.414859098434
968.5468127532727,668.873330885544,-1277.9218672264574
968.5468127532727,668.873330885544,-1277.9218672264574
968.5468127532727,668.873330885544,-1277.9218672264574

961.5651175176902,678.3539238778194,-1278.196870099734
14244.513184599848,2926.635585183683,-56.91320035828627
961.5651175176902,678.3539238778194,-1278.196870099734
7770.57082630149,10363.728240675251,-6319.546721065339
961.5651175176902,678.3539238778194,-1278.196870099734
961.5651175176902,678.3539238778194,-1278.196870099734
11522.999902115493,-3287.8207366467036,4029.518508121646
961.5651175176902,678.3539238778194,-1278.196870099734
418.8670514638265,11724.633077780782,7159.353546221253
961.5651175176902,678.3539238778194,-1278.196870099734
-3677.7000007218167,14659.028832271139,360.71489881121835
961.5651175176902,678.3539238778194,-1278.196870099734
-4796.537655915976,-88.25373775657546,-9865.60607552931
961.5651175176902,678.3539238778194,-1278.196870099734
961.5651175176902,678.3539238778194,-1278.196870099734
961.5651175176902,678.3539238778194,-1278.196870099734
961.5651175176902,678.3539238778194,-1278.196870099734
961.5651175176902,678.3539238778194,-1278.196870099734
961.5651175176902,678.3539238778194,-1278.196870099734
961.5651175176902,678.3539238778194,-1278.196870099734

954.4928794932499,687.7673244793897,-1278.4671330836577
14085.707042837817,4348.293837101666,-1108.7016180437317
954.4928794932499,687.7673244793897,-1278.4671330836577
6024.315813400089,10701.996450716384,-6821.803729231941
954.4928794932499,687.7673244793897,-1278.4671330836577
954.4928794932499,687.7673244793897,-1278.4671330836577
12708.553411854544,-1825.3696695787814,3148.073601980525
954.4928794932499,687.7673244793897,-1278.4671330836577
-480.1873119433436,12858.106323938664,5922.829142565783
954.4928794932499,687.7673244793897,-1278.4671330836577
-4386.614075042038,14461.989620247568,-1184.8301525204265
954.4928794932499,687.7673244793897,-1278.4671330836577
954.4928794932499,687.7673244793897,-1278.4671330836577
954.4928794932499,687.7673244793897,-1278.4671330836577
954.4928794932499,687.7673244793897,-1278.4671330836577
3054.8687725277896,599.5091268013083,7998.383534841994
954.4928794932499,687.7673244793897,-1278.4671330836577
954.4928794932499,687.7673244793897,-1278.4671330836577
954.4928794932499,687.7673244793897,-1278.4671330836577
954.4928794932499,687.7673244793897,-1278.4671330836577

947.3307478945616,697.1126681698953,-1278.732631151086
13649.150885065214,5683.307126115682,-2139.2186481107046
947.3307478945616,697.1126681698953,-1278.732631151086
4139.677766997712,10794.287133591239,-7166.617223741878
947.3307478945616,697.1126681698953,-1278.732631151086
947.3307478945616,697.1126681698953,-1278.732631151086
13544.587746227027,-313.0251322113989,2178.4241021752564
947.3307478945616,697.1126681698953,-1278.732631151086
-1370.580885500019,13705.879502243028,4554.401551165592
947.3307478945616,697.1126681698953,-1278.732631151086
-5016.955846758545,14002.618451979697,-2707.059216203834
947.3307478945616,697.1126681698953,-1278.732631151086
947.3307478945616,697.1126681698953,-1278.732631151086
947.3307478945616,697.1126681698953,-1278.732631151086
947.3307478945616,697.1126681698953,-1278.732631151086
303.5495301657322,866.1253968705292,9088.443502257718
947.3307478945616,697.1126681698953,-1278.732631151086
947.3307478945616,697.1126681698953,-1278.732631151086
947.3307478945616,697.1126681698953,-1278.732631151086
947.3307478945616,697.1126681698953,-1278.732631151086
-4880.859752494947,-11104.224144879681,1281.9921597671741

940.0793801947735,706.3890966750046,-1278.9933397134182
12951.714921719182,6908.815376614729,-3129.2668129956737
940.0793801947735,706.3890966750046,-1278.9933397134182
2150.510383945616,10613.488519910648,-7329.210073181026
940.0793801947735,706.3890966750046,-1278.9933397134182
940.0793801947735,706.3890966750046,-1278.9933397134182
14047.302736770791,1206.369196624904,1153.849788437638
940.0793801947735,706.3890966750046,-1278.9933397134182
-2234.4660114132726,14270.124929411286,3092.021588563383
940.0793801947735,706.3890966750046,-1278.9933397134182
-5556.318983441854,13287.129988526338,-4177.680130361763
940.0793801947735,706.3890966750046,-1278.9933397134182
940.0793801947735,706.3890966750046,-1278.9933397134182
2090.5461294866523,8830.953588390168,9039.996007734257
940.0793801947735,706.3890966750046,-1278.9933397134182
-2791.380486413033,-1057.4704515269743,-12719.493720455119
940.0793801947735,706.3890966750046,-1278.9933397134182
-2481.3884113468034,1062.4282700462463,9426.732022356846
940.0793801947735,706.3890966750046,-1278.9933397134182
940.0793801947735,706.3890966750046,-1278.9933397134182
940.0793801947735,706.3890966750046,-1278.9933397134182
940.0793801947735,706.3890966750046,-1278.9933397134182
-4312.731254593173,-12059.002998118316,-569.0019868346587

932.739442062732,715.5957580485336,-1279.2492346229676
12010.123668525353,8003.267688640749,-4060.577659880278
932.739442062732,715.5957580485336,-1279.2492346229676
100.66552655656443,10130.789613267023,-7282.14241882628
932.739442062732,715.5957580485336,-1279.2492346229676
932.739442062732,715.5957580485336,-1279.2492346229676
14234.296001954288,2697.787391095469,102.27312073078984
932.739442062732,715.5957580485336,-1279.2492346229676
-3056.22855837748,14554.635494053484,1569.7723760487572
932.739442062732,715.5957580485336,-1279.2492346229676
-5992.061219579894,12322.51970317532,-5567.649709290577
932.739442062732,715.5957580485336,-1279.2492346229676
932.739442062732,715.5957580485336,-1279.2492346229676
1238.8442654241167,10494.212404857924,8183.982300529501
932.739442062732,715.5957580485336,-1279.2492346229676
-711.5366829781918,-1141.6219380362713,-12388.904074883481
932.739442062732,715.5957580485336,-1279.2492346229676
-5106.598859493073,1188.8338918570364,9130.66184734905
932.739442062732,715.5957580485336,-1279.2492346229676
932.739442062732,715.5957580485336,-1279.2492346229676
932.739442062732,715.5957580485336,-1279.2492346229676
932.739442062732,715.5957580485336,-1279.2492346229676
-3612.5715837008943,-12650.718518010348,-2404.872837160123

925.3116073048784,724.7318067469491,-1279.5002921750997
10841.35942411927,8945.61198094653,-4915.172859475319
925.3116073048784,724.7318067469491,-1279.5002921750997
-1951.4317100970645,9316.813659414987,-6995.480450105217
925.3116073048784,724.7318067469491,-1279.5002921750997
925.3116073048784,724.7318067469491,-1279.5002921750997
14123.352323688407,4131.759589766861,-952.3003108726822
925.3116073048784,724.7318067469491,-1279.5002921750997
-3821.7516819763077,14564.14878227381,19.021005089891144
925.3116073048784,724.7318067469491,-1279.5002921750997
-6310.982456002701,11117.043507180013,-6846.265591593061
925.3116073048784,724.7318067469491,-1279.5002921750997
925.3116073048784,724.7318067469491,-1279.5002921750997
351.942722961318,11880.09527307429,7109.965554883832
925.3116073048784,724.7318067469491,-1279.5002921750997
1390.8005344339276,-1189.2641218459512,-11651.038051955784
925.3116073048784,724.7318067469491,-1279.5002921750997
-7459.09441860742,1252.1590667700232,8336.362246659259
925.3116073048784,724.7318067469491,-1279.5002921750997
925.3116073048784,724.7318067469491,-1279.5002921750997
925.3116073048784,724.7318067469491,-1279.5002921750997
925.3116073048784,724.7318067469491,-1279.5002921750997
-2814.463081518296,-12907.089538176975,-4178.516375678331

