4,4
0.4,7800.0,45.0,-170.0,30.0,
0.4,7800.0,45.0,-85.0,30.0,
0.4,7800.0,45.0,0.0,30.0,
0.4,7800.0,45.0,85.0,30.0,
12951.0356634518520877,0.6579526760805480,37.0615669945511,160.1356233469656,65.19930430267885,170.8371062517081,
13032.1426801193447318,0.6511979573323662,36.79420442201788,159.8230692857042,65.57287443014651,184.6835100775936,
12965.4871357212177827,0.6584809894294481,37.20184595234542,158.9177239901623,66.48999341407948,92.06886541346809,
12918.2048225698108581,0.6612781843030356,37.18626867438514,159.9778235669011,65.43731876809419,156.8921154268759,
13124.7140559492781904,0.5290411477423944,36.82517336822365,246.9859849841622,56.80305543363961,143.2409443022699,
13171.4008211199343350,0.5331972613002584,36.54077759719968,246.1126525981432,57.81206538490156,142.2698145033413,
12894.6187193763544201,0.5429119502135324,36.81391307309053,246.9365868000476,55.72526244192102,86.70896772044324,
13040.2814307103180909,0.5347736262654588,36.89257293662866,247.1806215404599,55.57197820739755,7.704912290782027,
12910.8907580743052677,0.6035393001777797,35.79428273453085,328.1512255911769,69.34913292511347,163.3224009383854,
13024.6145652911200159,0.5905631151668339,35.60931444370473,328.4296534839074,69.27693368661987,188.4138703373422,
12983.9967308609120664,0.5933085731369435,35.91036406181188,327.3417374376522,70.81913524509255,30.06790470429692,
12891.1390352015587268,0.6038410998322611,35.87576396633662,327.9904550496787,69.71100806888175,149.7098005735641,
13119.4568806934330496,0.5127027709905684,40.97207903266828,61.3819518030302,59.07410948244745,137.7441468174471,
13152.5180531250352942,0.5164289159816216,40.7768358931335,60.67326333962962,59.99695720911288,128.7781967950934,
12861.2429037089186750,0.5282168816591942,40.89703411354031,61.11536102269145,58.25465007955293,78.1427806617378,
13060.7914384324576531,0.5257403943743928,40.98533123772163,61.35939060761293,58.14037840596795,301.834658590216,
1027.2046867054094,580.6699715540859,-1275.2378898644045
1027.2046867054094,580.6699715540859,-1275.2378898644045
14873.38919645992,-2141.2915590608286,2460.11239493255
1027.2046867054094,580.6699715540859,-1275.2378898644045
2852.7848660006935,14108.119725871305,-4967.651863282589
1027.2046867054094,580.6699715540859,-1275.2378898644045
1027.2046867054094,580.6699715540859,-1275.2378898644045
1027.2046867054094,580.6699715540859,-1275.2378898644045
1027.2046867054094,580.6699715540859,-1275.2378898644045
-6870.652608874133,16848.95950085015,383.00974776360766
1027.2046867054094,580.6699715540859,-1275.2378898644045
1027.2046867054094,580.6699715540859,-1275.2378898644045
1027.2046867054094,580.6699715540859,-1275.2378898644045
1027.2046867054094,580.6699715540859,-1275.2378898644045
-1869.5543899150452,5322.264327949656,5386.860756190367
1027.2046867054094,580.6699715540859,-1275.2378898644045
-7520.494296152095,-6780.144213176747,4088.790773574678
1027.2046867054094,580.6699715540859,-1275.2378898644045
7520.494296152097,6780.144213176747,-4088.7907735746803

1021.0656998825555,590.7154015749067,-1275.554354336006
1021.0656998825555,590.7154015749067,-1275.554354336006
15732.755863316142,-620.8519193137766,1985.5631136060813
1021.0656998825555,590.7154015749067,-1275.554354336006
1013.5833011393609,13587.858913099633,-4976.8318109722195
1021.0656998825555,590.7154015749067,-1275.554354336006
1021.0656998825555,590.7154015749067,-1275.554354336006
1021.0656998825555,590.7154015749067,-1275.554354336006
1021.0656998825555,590.7154015749067,-1275.554354336006
-7672.01990463492,16445.760584393043,-752.5250996011896
1021.0656998825555,590.7154015749067,-1275.554354336006
1021.0656998825555,590.7154015749067,-1275.554354336006
1021.0656998825555,590.7154015749067,-1275.554354336006
1021.0656998825555,590.7154015749067,-1275.554354336006
-4023.0493788578724,2923.624310564598,6272.048173004877
1021.0656998825555,590.7154015749067,-1275.554354336006
-7437.763466599256,-8857.494315371358,2701.86328802352
1021.0656998825555,590.7154015749067,-1275.554354336006
6088.693714634712,7636.49900045819,-1971.321849248108

1014.8307084963903,600.7016877332796,-1275.8663235022332
1014.8307084963903,600.7016877332796,-1275.8663235022332
16341.177127850133,908.620940050182,1478.335486913797
1014.8307084963903,600.7016877332796,-1275.8663235022332
-846.8169831701108,12785.02980389819,-4880.668275425689
1014.8307084963903,600.7016877332796,-1275.8663235022332
1014.8307084963903,600.7016877332796,-1275.8663235022332
1014.8307084963903,600.7016877332796,-1275.8663235022332
5119.809451862922,6954.5746587893145,9448.240648498397
1014.8307084963903,600.7016877332796,-1275.8663235022332
-8393.154881218574,15870.296067426394,-1877.8634805979784
1014.8307084963903,600.7016877332796,-1275.8663235022332
1014.8307084963903,600.7016877332796,-1275.8663235022332
1014.8307084963903,600.7016877332796,-1275.8663235022332
1014.8307084963903,600.7016877332796,-1275.8663235022332
-5693.487354634431,163.147635570731,6396.403588468755
1014.8307084963903,600.7016877332796,-1275.8663235022332
-7070.51838833365,-10600.431706849324,1209.2664542023722
1014.8307084963903,600.7016877332796,-1275.8663235022332
4269.097910507391,7999.42471804084,266.9179020856726

1008.5002848572003,610.6279129228458,-1276.1737684980192
1008.5002848572003,610.6279129228458,-1276.1737684980192
16714.67367120312,2424.094386132267,948.9931508584524
1008.5002848572003,610.6279129228458,-1276.1737684980192
-2685.812450326056,11667.532468761756,-4662.4263905280495
1008.5002848572003,610.6279129228458,-1276.1737684980192
1008.5002848572003,610.6279129228458,-1276.1737684980192
1008.5002848572003,610.6279129228458,-1276.1737684980192
4246.686835723644,8942.92796019114,9422.790219536075
1008.5002848572003,610.6279129228458,-1276.1737684980192
-9024.606889440853,15125.411373956722,-2980.6532097667978
1008.5002848572003,610.6279129228458,-1276.1737684980192
1008.5002848572003,610.6279129228458,-1276.1737684980192
1008.5002848572003,610.6279129228458,-1276.1737684980192
1008.5002848572003,610.6279129228458,-1276.1737684980192
-6798.874670473747,-2623.765434849963,5878.761509229623
1008.5002848572003,610.6279129228458,-1276.1737684980192
1008.5002848572003,610.6279129228458,-1276.1737684980192

1002.075010040451,620.4931655505611,-1276.4766608745633
1002.075010040451,620.4931655505611,-1276.4766608745633
16867.729594593417,3906.660256410799,406.40767427769464
1002.075010040451,620.4931655505611,-1276.4766608745633
-4442.940156380587,10201.438235931242,-4302.823259227907
1002.075010040451,620.4931655505611,-1276.4766608745633
1002.075010040451,620.4931655505611,-1276.4766608745633
1002.075010040451,620.4931655505611,-1276.4766608745633
3265.2746765703073,10710.779495061048,9162.264544577894
1002.075010040451,620.4931655505611,-1276.4766608745633
-9556.30106311573,14213.834998357443,-4047.9299274827176
1002.075010040451,620.4931655505611,-1276.4766608745633
1002.075010040451,620.4931655505611,-1276.4766608745633
1002.075010040451,620.4931655505611,-1276.4766608745633
1002.075010040451,620.4931655505611,-1276.4766608745633
-7381.321854009068,-5216.537429239732,4903.664658359623
1002.075010040451,620.4931655505611,-1276.4766608745633
1002.075010040451,620.4931655505611,-1276.4766608745633

995.555473834318,630.296539619148,-1276.7749726019283
995.555473834318,630.296539619148,-1276.7749726019283
16813.350824006775,5340.294348926696,-141.77581535435888
995.555473834318,630.296539619148,-1276.7749726019283
-6031.241980203878,8355.430452728786,-3780.7925877556127
995.555473834318,630.296539619148,-1276.7749726019283
995.555473834318,630.296539619148,-1276.7749726019283
995.555473834318,630.296539619148,-1276.7749726019283
2212.896163501228,12255.80416484795,8709.327346394693
995.555473834318,630.296539619148,-1276.7749726019283
-9977.277777581847,13138.35985885119,-5065.726154808374
995.555473834318,630.296539619148,-1276.7749726019283
995.555473834318,630.296539619148,-1276.7749726019283
995.555473834318,630.296539619148,-1276.7749726019283
995.555473834318,630.296539619148,-1276.7749726019283
-7531.6953398817695,-7509.572121047968,3637.8538726103543
995.555473834318,630.296539619148,-1276.7749726019283
995.555473834318,630.296539619148,-1276.7749726019283

988.9422746852302,640.0371348109314,-1277.0686760716578
12665.84869101952,-4752.049024854833,3169.2304377832825
988.9422746852302,640.0371348109314,-1277.0686760716578
16563.21542545343,6710.951117864287,-688.7865219161953
988.9422746852302,640.0371348109314,-1277.0686760716578
988.9422746852302,640.0371348109314,-1277.0686760716578
988.9422746852302,640.0371348109314,-1277.0686760716578
5610.565949561466,5517.898131671952,9297.048330602514
988.9422746852302,640.0371348109314,-1277.0686760716578
1118.0799728481675,13580.801540261276,8098.894485678549
988.9422746852302,640.0371348109314,-1277.0686760716578
-10275.400053531283,11902.10570824252,-6018.604402596419
988.9422746852302,640.0371348109314,-1277.0686760716578
988.9422746852302,640.0371348109314,-1277.0686760716578
988.9422746852302,640.0371348109314,-1277.0686760716578
988.9422746852302,640.0371348109314,-1277.0686760716578
-7342.944886973827,-9469.018692828724,2205.5904988959564
988.9422746852302,640.0371348109314,-1277.0686760716578
988.9422746852302,640.0371348109314,-1277.0686760716578

982.23601964193,649.714056572055,-1277.3577440993824
14019.37328002617,-3332.791203665236,2780.084024031262
982.23601964193,649.714056572055,-1277.3577440993824
16127.86175714004,8005.883214993508,-1228.454743740387
982.23601964193,649.714056572055,-1277.3577440993824
982.23601964193,649.714056572055,-1277.3577440993824
982.23601964193,649.714056572055,-1277.3577440993824
4832.24658682003,7644.373164545883,9449.887803304664
982.23601964193,649.714056572055,-1277.3577440993824
3.1022452411259382,14691.031774553085,7359.771095301233
982.23601964193,649.714056572055,-1277.3577440993824
-10437.016474560529,10508.908784953433,-6889.077399828971
982.23601964193,649.714056572055,-1277.3577440993824
982.23601964193,649.714056572055,-1277.3577440993824
982.23601964193,649.714056572055,-1277.3577440993824
982.23601964193,649.714056572055,-1277.3577440993824
-6893.735682821353,-11096.831243111366,692.9671127645564
982.23601964193,649.714056572055,-1277.3577440993824
982.23601964193,649.714056572055,-1277.3577440993824

975.4373243019086,659.3264161915719,-1277.6421499272446
15090.842412888904,-1847.046212241855,2333.548191097186
975.4373243019086,659.3264161915719,-1277.6421499272446
15516.89141328349,9213.11043975144,-1754.9922480595797
975.4373243019086,659.3264161915719,-1277.6421499272446
975.4373243019086,659.3264161915719,-1277.6421499272446
975.4373243019086,659.3264161915719,-1277.6421499272446
3913.962813670432,9556.000360442318,9333.555452370138
975.4373243019086,659.3264161915719,-1277.6421499272446
-1114.2125129696074,15592.771204214992,6516.031755592628
975.4373243019086,659.3264161915719,-1277.6421499272446
-10446.569670116178,8963.915328306082,-7656.8665471451
975.4373243019086,659.3264161915719,-1277.6421499272446
975.4373243019086,659.3264161915719,-1277.6421499272446
975.4373243019086,659.3264161915719,-1277.6421499272446
975.4373243019086,659.3264161915719,-1277.6421499272446
-6246.429019998068,-12410.24991991358,-841.5259355576392
975.4373243019086,659.3264161915719,-1277.6421499272446
975.4373243019086,659.3264161915719,-1277.6421499272446

968.5468127532727,668.873330885544,-1277.9218672264574
15898.37174060552,-329.8869318884689,1844.9311251984689
968.5468127532727,668.873330885544,-1277.9218672264574
14739.180199331437,10320.985510323972,-2262.8075997881206
968.5468127532727,668.873330885544,-1277.9218672264574
968.5468127532727,668.873330885544,-1277.9218672264574
968.5468127532727,668.873330885544,-1277.9218672264574
2900.860811193839,11244.322589805635,8996.807976809483
968.5468127532727,668.873330885544,-1277.9218672264574
-2219.2172747014515,16292.534932576345,5588.118184765591
968.5468127532727,668.873330885544,-1277.9218672264574
-10286.14897306683,7274.507413278191,-8297.934293464412
968.5468127532727,668.873330885544,-1277.9218672264574
968.5468127532727,668.873330885544,-1277.9218672264574
968.5468127532727,668.873330885544,-1277.9218672264574
968.5468127532727,668.873330885544,-1277.9218672264574
-5449.582491811395,-13431.709918626795,-2357.939294741022
968.5468127532727,668.873330885544,-1277.9218672264574
968.5468127532727,668.873330885544,-1277.9218672264574

961.5651175176902,678.3539238778194,-1278.196870099734
16459.0711218313,1191.3169875225894,1326.5617936459141
961.5651175176902,678.3539238778194,-1278.196870099734
13803.09983652432,11317.81889137994,-2746.3422087592394
961.5651175176902,678.3539238778194,-1278.196870099734
961.5651175176902,678.3539238778194,-1278.196870099734
12894.68316250667,-4523.042008076158,3104.436784480365
961.5651175176902,678.3539238778194,-1278.196870099734
1827.107292566165,12708.963027293326,8479.579379830751
961.5651175176902,678.3539238778194,-1278.196870099734
-3299.531111677927,16796.66751446008,4593.6967979717265
961.5651175176902,678.3539238778194,-1278.196870099734
-9935.010189728007,5451.779958498007,-8783.210058526269
961.5651175176902,678.3539238778194,-1278.196870099734
961.5651175176902,678.3539238778194,-1278.196870099734
961.5651175176902,678.3539238778194,-1278.196870099734
961.5651175176902,678.3539238778194,-1278.196870099734
-4541.126121128878,-14184.276770363731,-3828.5033812085217
961.5651175176902,678.3539238778194,-1278.196870099734
961.5651175176902,678.3539238778194,-1278.196870099734

954.4928794932499,687.7673244793897,-1278.4671330836577
16788.58584603496,2694.61605982118,788.5925510681485
954.4928794932499,687.7673244793897,-1278.4671330836577
12716.759712286002,12191.534227739374,-3199.9155754729613
954.4928794932499,687.7673244793897,-1278.4671330836577
954.4928794932499,687.7673244793897,-1278.4671330836577
14204.097796360094,-3089.1658860649504,2704.137382818449
954.4928794932499,687.7673244793897,-1278.4671330836577
719.0348820893396,13953.625580002055,7814.656128932597
954.4928794932499,687.7673244793897,-1278.4671330836577
-4344.375303594224,17111.140155095738,3548.330276413567
954.4928794932499,687.7673244793897,-1278.4671330836577
954.4928794932499,687.7673244793897,-1278.4671330836577
5438.8546847277885,6199.906132555576,9429.151119365724
954.4928794932499,687.7673244793897,-1278.4671330836577
-13876.885047634283,-3266.4099505370536,-10835.531611508208
954.4928794932499,687.7673244793897,-1278.4671330836577
-13855.070053616195,2506.073223630427,4538.191588251183
954.4928794932499,687.7673244793897,-1278.4671330836577
954.4928794932499,687.7673244793897,-1278.4671330836577
954.4928794932499,687.7673244793897,-1278.4671330836577

947.3307478945616,697.1126681698953,-1278.732631151086
16901.012127821512,4161.87112204148,239.59173252259382
947.3307478945616,697.1126681698953,-1278.732631151086
11488.284254788277,12929.331715249988,-3617.5696800426085
947.3307478945616,697.1126681698953,-1278.732631151086
947.3307478945616,697.1126681698953,-1278.732631151086
15234.14182201595,-1595.1841857566978,2249.1710439308836
947.3307478945616,697.1126681698953,-1278.732631151086
-402.5956157533543,14983.917314765114,7029.229778122426
947.3307478945616,697.1126681698953,-1278.732631151086
-5344.077001143465,17241.46182693925,2466.009612142508
947.3307478945616,697.1126681698953,-1278.732631151086
947.3307478945616,697.1126681698953,-1278.732631151086
4619.7828055832115,8256.69593640371,9501.86872148115
947.3307478945616,697.1126681698953,-1278.732631151086
-12727.465194412145,-3649.7550083399424,-11699.97595357008
947.3307478945616,697.1126681698953,-1278.732631151086
-15029.849465588934,2057.9574944408255,3152.0623216165973
947.3307478945616,697.1126681698953,-1278.732631151086
947.3307478945616,697.1126681698953,-1278.732631151086
947.3307478945616,697.1126681698953,-1278.732631151086

940.0793801947735,706.3890966750046,-1278.9933397134182
16808.984495605706,5577.59972186066,-313.0151589661189
940.0793801947735,706.3890966750046,-1278.9933397134182
10126.149286322261,13517.340267043177,-3992.90294193697
940.0793801947735,706.3890966750046,-1278.9933397134182
940.0793801947735,706.3890966750046,-1278.9933397134182
16002.98153200406,-74.82977922602021,1754.3425667400747
940.0793801947735,706.3890966750046,-1278.9933397134182
-1520.9936032466546,15806.167399394648,6146.175145881542
940.0793801947735,706.3890966750046,-1278.9933397134182
-6289.687005845064,17192.659263941565,1359.5871687886267
940.0793801947735,706.3890966750046,-1278.9933397134182
940.0793801947735,706.3890966750046,-1278.9933397134182
3676.238013890467,10097.767988106523,9323.34026595481
940.0793801947735,706.3890966750046,-1278.9933397134182
-11430.076381772695,-3991.013353588102,-12428.615880219093
940.0793801947735,706.3890966750046,-1278.9933397134182
-15947.83341190227,1576.5715269539896,1712.415044552029
940.0793801947735,706.3890966750046,-1278.9933397134182
940.0793801947735,706.3890966750046,-1278.9933397134182
940.0793801947735,706.3890966750046,-1278.9933397134182

932.739442062732,715.5957580485336,-1279.2492346229676
16523.837861464788,6928.129274953669,-862.6105970966378
932.739442062732,715.5957580485336,-1279.2492346229676
8639.611891958544,13940.241720966522,-4318.8838942294815
932.739442062732,715.5957580485336,-1279.2492346229676
932.739442062732,715.5957580485336,-1279.2492346229676
16527.648545354095,1445.4949184699171,1231.6037993746345
932.739442062732,715.5957580485336,-1279.2492346229676
-2622.200795427269,16426.793329262564,5185.059895091698
932.739442062732,715.5957580485336,-1279.2492346229676
-7172.673577077413,16969.297167484827,241.14041884676274
932.739442062732,715.5957580485336,-1279.2492346229676
932.739442062732,715.5957580485336,-1279.2492346229676
2648.9656222506032,11717.635170042528,8938.607807941687
932.739442062732,715.5957580485336,-1279.2492346229676
-9992.298941382254,-4283.847297027102,-13005.047318328561
932.739442062732,715.5957580485336,-1279.2492346229676
-16623.539229171245,1073.1452814689492,247.3680098021807
932.739442062732,715.5957580485336,-1279.2492346229676
932.739442062732,715.5957580485336,-1279.2492346229676
932.739442062732,715.5957580485336,-1279.2492346229676

925.3116073048784,724.7318067469491,-1279.5002921750997
16055.799399142334,8200.955359171132,-1403.1234942496717
925.3116073048784,724.7318067469491,-1279.5002921750997
7039.285614355077,14180.853048104114,-4587.633934682339
925.3116073048784,724.7318067469491,-1279.5002921750997
925.3116073048784,724.7318067469491,-1279.5002921750997
16823.65971729397,2944.5454995340333,690.8238687356222
925.3116073048784,724.7318067469491,-1279.5002921750997
-3694.27163674585,16851.97161883509,4162.9342839265755
925.3116073048784,724.7318067469491,-1279.5002921750997
-7984.665535838274,16575.52563758068,-877.7090054464117
925.3116073048784,724.7318067469491,-1279.5002921750997
925.3116073048784,724.7318067469491,-1279.5002921750997
1569.010765773652,13117.26373267756,8384.588450882746
925.3116073048784,724.7318067469491,-1279.5002921750997
-8422.863697366882,-4521.08353996491,-13410.817248688327
925.3116073048784,724.7318067469491,-1279.5002921750997
-17070.454740716745,556.8218113647355,-1220.2861309613431
925.3116073048784,724.7318067469491,-1279.5002921750997
925.3116073048784,724.7318067469491,-1279.5002921750997
925.3116073048784,724.7318067469491,-1279.5002921750997

